x,y,z
78.4949,64.405106,71.365974
78.40857,64.08772,71.36439
78.264465,64.04086,71.095665
78.62997,63.90807,71.58509
78.17091,64.36582,71.34766
78.24791,64.18964,71.28136
78.61208,64.03878,71.13074
78.30524,64.209435,71.104126
78.17754,63.605713,71.12787
78.46805,63.965504,71.48192
78.386536,64.162186,71.23251
78.10737,63.842213,71.10622
78.014084,64.12582,70.93611
78.692276,63.77682,71.85091
77.92964,64.16505,70.928604
78.4126,63.86793,71.60215
78.34445,64.32382,71.78291
78.5975,63.850544,71.35051
78.24556,64.275566,71.07272
78.30325,63.76486,71.16481
78.478424,63.927814,71.52751
78.497055,63.962296,71.30167
80.048256,64.94001,71.41152
80.02708,65.661705,71.228935
77.981804,63.896915,71.368225
78.0161,64.05284,71.44058
78.4537,63.917274,71.06957
78.02333,63.98858,71.213264
78.11297,63.79618,70.98848
77.96328,64.323265,72.50279
78.32819,63.842464,70.96636
78.52191,63.794987,71.146675
77.77284,63.67787,71.95253
77.94382,64.06408,70.89439
78.141655,64.265015,71.0633
78.05519,63.75463,71.387665
78.468544,64.09934,71.3581
78.19297,64.11736,70.60025
78.79082,63.772102,71.80395
77.76671,64.001816,71.11405
78.46464,63.97962,71.32376
78.23971,64.351746,71.20617
78.57533,64.07088,72.005424
78.408325,64.08247,70.658745
78.248184,63.71342,71.03149
77.96743,63.925293,71.32079
78.33301,63.615116,71.45808
78.15602,64.13109,70.44303
78.36802,63.515835,71.592606
78.24083,64.15583,71.07154
78.46504,64.221,70.87826
78.38918,64.26371,70.95046
78.499886,63.70281,71.533844
78.420265,63.60535,71.214
78.98665,63.68299,71.49882
79.00238,63.24894,72.056366
78.160446,63.955738,71.35457
77.97349,63.691273,71.11905
78.37343,63.691547,71.57
78.46581,63.98363,71.61287
78.76394,63.890827,71.73108
79.0925,63.20621,72.14894
78.49658,63.711624,71.38843
78.65282,63.53698,72.09365
78.84828,63.222126,72.15173
78.61631,63.30294,71.5098
79.04006,63.672962,71.88123
77.98902,63.86804,71.1228
78.14417,64.194305,71.33743
78.16514,64.316444,70.9669
77.97034,64.09611,71.07158
78.934616,63.94545,71.51987
78.404106,63.85124,71.26263
78.3792,63.842262,71.61037
78.78472,63.6451,71.62915
78.87598,63.499897,72.07856
78.45972,63.916687,70.98505
78.439156,62.93692,72.38095
78.814835,62.914333,72.39502
78.48921,63.58229,72.02692
78.57698,63.244602,72.173
78.46189,63.180798,71.74721
78.53233,63.74475,70.92561
79.19533,63.62771,72.01098
78.5224,63.953945,71.161064
78.53316,64.06354,71.16182
78.61353,64.00069,71.57451
78.98882,63.335255,71.98243
78.315575,64.19539,71.28192
80.58468,65.897095,71.21112
80.07964,65.61099,71.16524
80.21512,65.85559,71.481415
80.18347,65.671486,70.912445
76.62746,67.507225,72.74316
78.12539,65.072334,71.03644
78.6878,63.577236,72.02145
78.504776,64.17525,71.4475
78.75336,63.450535,71.820404
78.57792,64.02158,71.093155
78.2107,63.955658,70.887695
78.108955,64.160126,71.31709
78.4512,64.181206,71.31366
78.49971,63.911236,71.358925
78.49037,64.05119,70.84628
78.63313,64.17697,71.73497
78.9897,63.109753,72.313034
78.22156,63.93392,71.52687
78.22492,63.765076,71.25583
78.02141,64.504326,70.59944
78.423386,63.67252,72.34606
78.63886,63.915695,71.36982
78.34595,64.02885,70.97183
78.073906,63.928814,71.02842
77.848526,64.05465,70.566895
77.882744,64.06412,71.29305
77.85334,64.536255,70.76102
78.29263,64.3325,71.247444
78.2893,64.043465,71.08057
78.35855,63.54085,70.92382
78.52722,63.90209,71.51923
78.52385,63.230057,71.34461
78.60145,63.448143,71.39285
78.33538,63.939167,71.4867
78.29417,64.133194,70.825386
78.536766,63.809204,71.29529
77.87514,63.888985,71.164635
78.496994,63.75511,71.448006
78.08041,64.387344,71.23046
78.98378,64.14724,71.42202
78.1067,63.64956,72.21887
78.12425,64.10192,70.93946
78.65085,63.875267,71.314156
78.635956,63.955517,71.73926
78.182755,63.994797,71.41379
78.29677,64.296265,70.87703
78.26408,64.67313,70.748535
78.56569,63.7956,71.87223
78.31331,64.255615,71.359024
77.91799,63.94815,71.25204
78.25905,64.24708,71.37552
78.0534,64.69855,71.11516
78.79424,63.99025,70.469666
77.95499,64.14514,70.716866
78.6745,64.22966,71.05062
78.45293,63.922955,71.97654
78.337654,63.946064,71.194534
79.101364,63.713722,71.415344
78.41753,64.42356,70.75864
78.33053,64.439026,71.07634
78.17761,64.35312,70.59054
78.709885,64.04316,71.14425
78.8349,63.49871,71.24618
78.36555,63.958042,71.742714
78.00499,64.12501,71.267845
78.04354,63.896263,71.057396
78.083496,63.947723,70.66019
78.51871,63.702637,71.4928
77.89413,63.51525,71.62892
78.28502,63.879242,71.8102
78.196465,64.2211,71.40945
78.534355,64.09914,71.51385
78.53412,64.05767,71.76399
78.24811,63.946396,71.69679
78.71484,63.499474,72.44862
78.7215,63.82224,71.72168
78.68836,64.212234,71.870804
78.18717,64.00816,71.18558
78.5796,64.3112,71.125626
78.81782,63.47295,71.9037
78.29741,63.60818,71.58979
78.53607,63.394142,72.25826
77.96185,64.08537,71.40927
80.066475,65.51958,70.95965
80.15902,65.331116,70.85042
78.69401,63.73802,71.93058
78.50611,63.74075,71.75511
78.670494,63.700054,71.92352
78.69464,64.08426,71.62372
78.49628,63.909935,71.743835
78.66907,64.33504,71.69475
78.48792,63.24645,72.60432
78.843094,63.4385,72.53409
78.34238,63.49497,71.64673
78.22804,63.98105,71.960815
78.09041,63.776405,71.00354
78.00172,63.967636,71.13389
77.86571,64.42105,71.0837
78.59826,63.780342,71.54402
77.94342,63.753193,71.17802
78.19535,63.87799,71.59419
77.51226,63.785004,71.44065
78.81469,63.96218,72.35128
78.20108,63.92235,71.09984
78.30731,63.573257,71.90651
78.37861,63.996643,71.20042
78.22918,64.094666,70.76619
78.31793,64.02444,71.244675
77.98703,64.38169,71.12027
78.47475,63.41172,71.53602
78.65688,63.50824,71.82462
78.352936,63.947044,71.33725
78.18206,63.969288,71.15166
78.06491,63.79799,70.79642
77.900826,64.092476,70.77166
78.1364,64.0202,71.141754
78.19387,64.32497,71.569244
77.80216,64.112335,71.2603
78.30074,63.795715,70.838135
78.08679,64.0092,70.90885
78.06286,63.874664,71.072556
78.00887,64.024826,71.45331
77.994194,64.43481,70.88837
79.11313,63.880047,69.686195
78.165886,63.879467,70.74798
77.60536,63.802017,70.62343
78.146034,63.488163,71.83327
79.837776,65.3839,71.67909
80.11118,65.68076,71.183174
80.31236,65.67232,71.21254
78.92777,63.567074,69.15824
78.23077,63.645084,71.02112
78.29097,63.640675,70.90997
78.57587,63.60747,71.884155
78.39572,63.721947,71.28069
78.158356,63.80425,70.878624
78.59153,63.903984,71.93762
77.92794,64.055916,71.14136
78.31425,64.19116,71.05051
78.42082,64.24186,71.33374
78.24458,64.004196,71.417336
78.09607,63.809372,71.178314
78.02989,63.920166,71.37578
78.28451,64.06328,71.07507
78.50528,64.098755,70.815125
78.05356,63.80542,71.645676
78.25362,64.2817,71.132195
78.20866,64.09768,71.02898
78.264984,63.989693,71.65666
78.10794,64.15995,71.22368
77.8304,63.681446,71.468094
77.80881,64.26603,71.28082
78.510796,63.66346,71.636856
77.8852,63.832832,71.4055
78.4231,64.15566,71.28337
77.963646,63.67765,71.22122
78.15001,64.08461,71.69706
80.385994,65.868546,71.273705
80.81552,66.45679,71.09978
80.395355,65.506874,70.97364
80.36676,65.58871,70.935005
80.45993,66.09117,71.585556
80.75445,65.93664,70.88183
80.217155,65.51427,71.27862
80.16928,66.15547,71.39003
80.41819,65.95009,70.78389
80.17218,65.885475,70.97009
80.384315,65.94093,71.360535
80.14745,65.77177,71.52209
80.4059,65.902985,71.18302
80.33768,65.80045,71.075745
80.22403,65.55458,71.20689
80.42597,66.0067,71.30956
80.21888,65.55532,71.2943
80.0237,65.79584,71.30953
80.28458,65.99068,71.30515
79.96057,65.85282,70.87637
80.17181,65.85755,71.54616
80.25602,66.05595,71.212166
80.301956,65.245865,70.63733
77.96879,64.18018,71.13586
78.10141,64.56455,71.8227
78.61819,64.177864,71.89918
77.755135,64.21182,71.5211
78.54448,63.650024,72.42908
78.32743,64.13794,71.66872
78.99912,63.794098,71.55056
78.12423,64.371635,71.617004
78.39496,64.18212,71.14528
78.25007,64.53876,71.318306
78.05372,64.55029,72.01773
77.99774,64.94846,71.3102
78.28335,64.43834,70.919
78.16594,64.76352,71.76291
78.2224,64.42877,71.67167
78.60285,64.400276,71.624725
78.074844,64.46892,71.81155
78.19456,63.915543,72.12245
78.1165,64.65965,71.48444
78.081154,64.81373,71.593956
77.9601,64.4675,71.35304
77.865,64.41515,71.68306
78.38436,64.432465,70.93318
77.80695,64.09921,71.41912
78.53696,64.51631,71.74593
78.07823,64.731766,71.32183
78.28055,64.43585,71.56305
78.14399,64.222626,71.92466
78.25628,64.494835,71.125534
77.57471,63.9118,71.321846
78.019844,64.297905,71.99074
77.76424,63.83726,72.6892
78.22841,63.81903,72.05923
77.90081,64.16678,71.82731
77.947975,64.730736,70.98579
77.95495,63.51239,71.149666
78.36932,63.6277,72.33442
77.89701,63.984734,71.166756
78.207886,63.72446,71.89431
78.06312,64.092705,71.0447
77.725,64.110115,72.13159
81.532234,63.7106,69.99077
81.681816,63.648743,70.112495
80.62395,66.48443,71.50043
80.50835,66.21831,71.004875
80.47314,65.77388,71.2403
80.40506,66.15695,71.1754
80.73482,66.14441,71.03089
80.05408,65.944916,70.886185
80.37651,66.35128,71.382324
80.28697,65.4543,71.42506
80.48756,66.16376,71.47944
80.51856,66.30502,71.01407
80.45165,66.04752,71.19864
80.50578,65.94087,71.32218
80.57162,66.10853,71.22755
80.388016,66.02965,71.40361
80.402855,65.94308,71.049126
80.60014,65.94721,71.361664
80.51653,65.98506,71.15812
80.411766,66.00622,71.42514
80.34636,66.25329,71.73451
80.36743,65.736465,71.44849
79.95219,65.59254,71.56741
80.15788,65.697014,71.41841
79.792366,65.633026,71.60304
79.80905,65.88121,71.51186
80.14822,65.96072,71.75437
80.22401,65.82585,71.21537
79.91814,65.84018,71.57568
79.99275,65.83981,71.12671
79.85112,65.37997,71.541176
80.05098,65.85366,71.54028
80.183235,66.07621,71.372925
80.2277,65.96865,71.67461
80.0222,65.925575,71.13637
80.36268,65.93389,71.01045
80.13803,65.8708,71.61629
80.25579,66.03529,71.032875
80.05689,65.83636,71.542496
80.312,65.921394,71.454445
80.468285,65.62137,71.27386
80.34503,65.80985,71.27518
80.57323,65.82777,71.16751
80.262924,65.71859,70.97879
80.48427,65.96789,71.41701
80.14129,65.6451,71.6683
80.49408,66.1886,71.06623
80.53321,66.14835,71.47066
80.71209,66.2409,71.03035
80.58538,66.154335,71.441574
80.76805,66.34551,71.52445
80.74905,66.04566,71.42951
80.48227,65.99965,71.57095
80.613495,66.15008,71.214485
80.32609,65.64241,70.95636
80.34085,65.297325,71.134636
80.78532,66.03603,70.90882
80.37166,65.90598,70.69404
80.13316,65.18807,71.428825
80.340904,65.66764,70.635124
80.196434,65.17895,70.672806
80.388695,65.48454,71.28832
80.286644,65.44144,71.002975
80.35288,65.469986,70.88773
80.374855,65.5905,71.45544
78.74684,64.34826,70.66814
77.92936,64.32187,71.150116
78.282814,63.910114,71.56825
78.3802,64.40136,71.596016
77.90088,64.11548,71.251976
78.53443,64.28718,72.411026
78.798836,64.07686,71.41555
78.06038,64.743416,71.938576
78.030495,64.59202,71.56895
78.38141,64.53898,71.55278
78.51162,64.59403,71.3332
78.436226,64.29571,70.93063
78.09226,64.46525,71.78847
81.21643,63.79228,69.93409
81.431366,63.71441,70.19871
80.94307,63.63119,70.226395
80.7219,66.23855,71.11495
80.348625,65.6555,71.39823
80.33062,65.5777,71.39908
80.50436,65.99646,71.20226
80.333206,65.52761,70.936424
80.41033,65.24121,71.05206
80.356926,65.71868,71.46627
80.41441,66.081154,71.27461
80.25127,65.94486,71.23279
79.99565,65.33229,71.271164
80.26197,65.94482,70.95256
80.341446,65.88199,71.29486
80.102196,65.26341,71.95484
80.11855,65.322014,71.89067
80.158,65.55772,71.71777
80.2912,65.701485,71.35944
80.37292,65.35821,71.414925
80.15526,65.41886,71.58983
80.06547,65.85802,71.365295
80.18647,65.78457,71.34058
80.13823,65.81995,71.582405
80.421104,65.8719,71.01859
80.34012,65.64764,70.988976
80.35904,65.51076,71.85103
80.29479,66.22796,71.43802
80.512215,66.16351,71.39487
80.59593,66.01736,71.39135
80.36929,66.08197,71.34783
78.146515,64.21005,72.41952
78.15073,64.3128,72.68338
78.60771,64.17767,72.1799
77.89343,64.650314,71.86331
78.01889,64.71665,71.50607
77.80126,64.52704,72.35225
77.04546,64.55429,72.69512
78.17875,64.450775,72.85092
77.99856,64.09142,71.84565
78.1786,64.46379,70.847725
78.74645,64.085724,71.11534
78.835365,64.158,71.13869
78.381996,64.20128,70.683945
78.14493,64.45288,71.045555
78.33957,64.47986,70.99794
78.26251,64.47639,71.59033
78.53874,64.49225,70.96184
78.19967,64.27717,70.45661
78.13232,64.07785,71.493706
78.17512,64.42814,71.24051
78.24973,64.20504,71.00788
78.190956,64.43074,71.07159
78.46245,64.29423,71.80051
78.00174,64.364876,71.373
78.10491,64.30552,72.06472
78.48132,64.52003,71.40241
78.63239,64.346214,70.98643
77.956245,64.10356,71.79735
78.770065,64.13516,72.25931
77.264565,67.75791,71.070816
77.94655,64.99591,70.12829
77.34294,64.39351,71.995926
78.404,64.59232,71.70784
78.01471,64.44483,71.43211
78.449036,64.62555,70.44074
78.628334,64.18,71.25702
77.621506,64.56889,70.218025
78.687485,64.14324,71.24525
78.76776,63.708294,71.7105
78.02298,64.54271,70.16355
78.393135,64.31168,71.14099
78.23255,64.05965,70.61484
78.51049,64.36956,70.89318
78.51061,64.36699,70.922485
78.21577,64.336426,70.94337
78.21734,64.58154,71.03262
78.205795,64.42991,71.56828
78.19244,64.37516,72.61025
78.05198,64.68705,72.15026
78.19525,64.55002,71.557724
78.365944,64.815674,71.703125
78.051605,64.99781,71.56955
78.21365,64.504875,72.31932
78.30534,64.41915,72.28875
78.2049,64.62925,71.07454
78.31632,64.3955,72.11355
78.042984,64.98726,70.65351
81.258125,63.71398,70.1454
77.940704,64.20337,71.53098
80.41689,65.58877,71.76488
80.48862,65.9843,71.81963
78.62049,64.7548,71.431435
77.862564,64.85445,71.15453
78.84218,64.42495,69.760124
77.735794,64.91143,70.300255
78.24818,64.57667,71.093765
78.16081,64.60635,71.40584
78.31661,64.60805,72.18755
78.2372,64.9415,71.29174
78.32605,64.90473,70.2305
78.34142,64.875,71.431015
78.087105,64.5146,71.5269
78.05291,64.409485,72.86707
77.88889,64.754845,71.42231
77.73863,64.28995,71.442894
78.4587,64.49999,71.762886
78.66476,64.39071,71.9459
78.53184,64.20858,72.16503
78.41411,64.383484,72.11241
78.16979,64.645294,72.462494
78.22093,64.3845,72.04858
78.568016,64.47629,71.7775
78.151024,64.52874,70.8954
77.93365,64.552704,71.645996
77.078354,64.14644,72.89466
77.84646,64.366035,72.34398
78.10822,64.665825,71.96658
83.15908,66.148544,77.71097
83.184135,66.43499,77.30696
83.39064,66.92977,77.39707
83.62354,66.93356,77.2047
82.825905,66.787865,77.38553
83.72839,66.92256,77.341415
84.8314,63.84418,78.50747
84.10468,63.89374,78.47929
83.91534,63.646194,78.124084
84.427246,64.269226,77.94622
80.6993,66.329796,71.8777
80.60673,66.52175,72.02999
80.31892,66.18644,71.93005
80.29925,66.18841,71.84282
80.48972,66.8991,71.394585
80.487564,66.47037,72.01249
80.404175,66.41664,72.10272
80.6149,66.77299,72.34353
80.46206,66.50063,71.61346
80.69321,66.69058,72.066826
80.36459,66.647804,72.200745
80.48913,66.511284,72.179726
80.67884,66.53849,71.86341
80.57542,66.33736,71.84749
80.602104,66.39156,71.46697
80.52721,66.297386,71.91877
80.60935,65.76258,71.84595
80.77333,66.621574,72.19005
79.885574,66.07589,71.71647
80.17746,66.307045,71.55269
80.26207,66.20969,71.70043
80.45514,66.74322,71.886
80.30482,66.683876,71.68757
80.01551,66.024536,71.66599
80.10491,66.4983,71.86031
80.29742,66.52979,72.00049
79.96551,65.999435,71.92156
80.225815,66.704216,71.3635
79.69909,66.30283,71.98516
79.860855,66.41442,71.62671
80.46233,66.77067,72.09344
80.398796,67.03495,72.21371
80.2995,66.497375,72.050095
80.30605,66.551025,71.72026
80.59544,67.04721,72.21366
79.91558,66.507416,71.6885
80.424385,67.21883,71.42641
80.25078,66.32373,71.5949
80.2886,66.52412,71.770515
80.19446,66.727196,71.950226
78.43499,64.31506,71.266884
78.7353,64.073784,71.91501
78.56398,64.1792,71.8503
78.4291,64.32341,72.335556
78.45427,63.768696,71.99256
78.11339,64.057396,72.0616
78.212555,64.29559,72.38039
78.31979,64.270226,72.2876
78.35248,64.05325,71.139694
78.409256,64.51143,72.11597
78.18382,64.63282,72.2003
78.464226,64.67195,72.09652
78.47204,64.28413,72.24399
78.42376,64.37995,72.21074
78.402,64.500565,71.85492
78.260765,64.268295,72.30384
78.84179,63.87449,71.8862
75.284676,66.48026,75.4422
78.06582,64.17769,71.59477
78.677086,64.00107,72.09739
78.82253,64.067764,72.16361
77.64785,64.074486,71.66184
78.52836,63.937317,72.08711
78.54568,63.952065,71.35629
77.97359,64.34846,71.77571
78.65275,63.8772,71.83878
78.15589,63.87994,71.919334
78.39232,63.902107,71.45628
78.478615,63.95463,71.91774
77.98791,63.859703,72.13998
78.57237,63.953606,72.016785
78.231735,64.08153,70.930275
78.03403,63.67507,72.2293
78.22868,64.13425,72.106514
78.123184,64.24594,71.04855
78.18551,64.11087,71.85834
78.623116,63.922897,72.520836
78.390816,63.906994,72.04494
78.55056,64.15599,71.38938
78.29803,64.61388,72.14103
78.55999,64.37136,71.99119
78.29667,64.039734,72.45594
78.58618,64.37062,71.97862
77.90167,64.15967,72.0472
77.77747,64.157,71.796936
78.416084,64.4135,71.81952
78.09672,63.796413,71.20434
78.41937,63.890793,72.2239
78.12885,64.02486,72.13468
78.73203,63.762115,72.74997
78.20419,64.138084,72.223114
78.36756,64.24433,72.10978
78.608604,63.838894,71.82823
77.860466,64.2544,71.43282
78.64064,64.02428,72.432785
78.41254,63.94255,71.877304
78.3927,64.14155,71.09099
78.55528,63.6847,71.911934
77.934746,64.12307,71.57849
78.35446,64.151855,71.83962
78.02533,64.028885,71.41674
78.61587,64.156494,72.07764
78.25975,63.74814,72.09991
77.920044,63.907425,71.76044
78.24261,63.951714,71.4198
77.9263,63.977867,71.57992
77.87261,63.886772,70.9988
78.63184,64.15917,71.80037
78.49824,64.338394,71.737274
78.25896,64.17328,71.9847
78.089615,64.22102,72.20245
78.58028,63.875134,72.271
78.554245,63.986374,71.84673
78.96856,63.53348,72.08428
80.05631,65.92017,71.49619
80.47911,65.731064,71.243385
80.22978,65.75474,71.35754
80.25201,65.96622,71.677345
80.05874,65.69676,71.33169
80.13375,66.0122,71.42878
80.27851,65.77773,71.883804
79.81315,65.931786,71.189026
80.68588,65.85585,71.30495
80.21637,65.695045,71.43158
80.209755,65.59442,71.40139
79.9196,66.05158,71.47898
80.28526,66.20755,71.741905
80.17293,65.90106,71.460724
80.25272,65.94868,71.62751
80.191505,66.05341,71.32513
80.13247,66.1473,71.94522
80.20457,66.21775,71.48371
79.86409,66.18596,71.48656
80.06001,66.092964,71.18928
80.31437,66.42187,71.71871
80.20203,66.17289,71.38982
78.19173,63.996136,71.87899
77.93913,63.97957,71.66491
78.46843,64.252914,72.50879
78.39481,64.37223,71.720146
77.98984,63.92791,72.004715
77.93942,64.41818,71.94241
78.26803,63.82165,71.90128
78.09155,64.186356,71.72056
78.49082,63.6992,72.286644
78.38426,63.923332,72.10501
78.445145,64.2367,71.40431
78.812546,64.07831,71.33399
78.60873,63.980343,71.97967
78.270195,64.17071,71.64938
78.37367,63.88216,71.56489
78.62668,63.5825,72.15379
78.363976,64.07812,72.32025
78.156586,63.958447,71.63977
78.51198,64.03812,71.32274
78.76687,64.10039,71.008736
78.485466,64.28747,71.38682
78.63313,63.824635,71.90325
78.87768,63.751858,71.31145
78.067024,63.993946,71.48628
78.48904,63.7605,71.892815
78.4372,63.977783,72.34034
78.46807,63.63049,72.19179
78.52783,63.87925,71.46152
78.36465,64.06856,72.19179
78.33378,64.01987,71.944244
78.9241,64.25875,71.74527
78.41232,63.861095,71.70584
77.49945,63.667458,70.99179
78.58844,64.09885,71.88364
78.553215,64.02577,71.866486
78.53904,63.964706,72.008705
78.17611,64.23108,72.08386
78.6291,64.0138,72.21711
78.43284,63.837646,72.310646
78.53352,64.44093,71.526146
78.46977,64.26274,71.376114
78.681,63.85792,70.84832
78.632164,63.771816,71.89304
78.065346,63.836,71.68587
78.250244,63.894405,71.498695
78.20985,63.780685,72.156715
78.52019,63.80219,72.12365
78.674225,63.857582,71.58996
77.95844,64.106834,71.66726
78.32661,64.22237,71.65235
78.35728,63.926365,71.39564
78.11628,64.27941,71.73872
78.56228,64.26209,71.65006
78.485855,64.026184,71.755554
78.49241,64.015724,71.64856
78.40954,64.232704,72.07586
78.217155,64.16053,71.336105
78.41618,64.13876,72.05422
78.715096,63.814003,72.20939
78.42273,64.090065,71.768715
78.58503,64.02897,72.140465
78.2421,64.01663,72.096565
78.61415,63.99429,71.435684
78.376686,63.89269,71.80184
78.16411,64.14239,71.650505
78.67491,63.82476,71.688614
77.86842,64.03212,71.23776
78.38121,64.458275,71.82962
78.48815,63.997086,72.1584
78.12701,64.08936,71.88956
78.22453,64.250885,71.096596
78.37597,63.687855,72.28983
78.20205,64.077866,71.423096
78.40243,64.06541,72.009
79.05315,63.171585,70.973946
78.25983,63.792458,71.710625
78.63916,64.132866,72.26181
78.3939,63.76149,71.893875
78.23071,63.83501,71.79105
78.01133,63.91441,72.262856
78.26179,63.86621,72.06213
77.505165,64.23098,70.93953
77.928604,64.283875,71.14979
78.643585,63.80629,71.78697
78.69149,64.09892,71.7072
78.0883,64.185005,71.59986
78.442314,63.927807,71.646515
78.661026,64.078255,72.08407
77.835175,63.921417,71.3745
78.194336,63.78722,71.458916
78.138115,63.95193,72.35654
77.928566,64.10636,72.03825
78.48488,64.00719,72.39855
78.54079,63.91102,71.82756
78.26874,63.927723,71.87566
78.41197,64.1854,71.66141
77.649025,64.198555,71.26025
78.487976,64.02715,71.965034
79.00629,64.08981,72.15808
78.61542,63.720005,71.85426
78.234184,64.109344,72.26056
78.32849,64.08805,72.15901
78.4281,64.11473,72.104324
78.340614,64.05706,72.00583
78.14007,63.837944,72.25472
77.99186,63.90793,71.851326
78.33516,64.31535,71.88756
78.233215,63.932777,72.14135
77.77175,64.091385,71.89136
78.2,63.99199,71.96473
78.20199,63.903854,71.019554
78.54062,63.8609,71.9419
78.22853,64.109314,71.40805
78.697876,63.94328,72.21004
78.748116,63.73021,72.04168
78.118004,63.80876,71.47099
77.832146,63.921005,72.12574
78.0759,63.847233,71.54002
78.21569,64.01733,71.506775
78.2451,63.997513,71.86385
78.41302,63.689095,71.66296
78.37684,63.8221,71.823044
79.109825,63.828976,72.19929
78.77113,63.65494,71.95315
78.27743,63.73088,72.462166
78.67338,63.738804,71.93205
78.45813,63.91761,71.854324
78.59127,63.933727,71.79169
78.487404,64.02092,72.35456
78.09321,63.99288,71.68396
78.7575,63.90788,72.12604
78.474365,63.997856,72.331566
78.49202,64.116394,72.18193
78.35396,63.914448,72.094
78.20913,64.04453,72.055405
78.808205,63.569477,72.56038
78.13554,63.946438,71.17066
78.48729,63.591904,72.64947
77.95302,63.980255,71.579704
78.39952,64.13523,72.08449
78.56711,63.87364,72.452126
78.59633,64.01483,71.86905
78.20135,63.819695,71.91637
78.41548,64.002525,72.021225
77.97191,63.858715,71.5615
78.28996,64.17234,71.650795
78.43562,64.039734,72.03922
78.24647,64.10035,71.12998
78.54768,63.77527,72.14997
78.51137,63.857346,71.60647
78.72342,63.81317,71.767456
78.37037,63.543083,71.681946
78.25536,63.879177,71.64455
78.4789,63.853493,72.22074
78.416504,63.62077,72.27803
77.82124,64.06589,71.86454
78.18204,63.73146,71.763016
78.13095,63.892784,71.95637
78.52689,63.867355,72.16159
78.106125,63.867664,71.41217
78.886345,63.78617,72.399055
78.00017,63.856354,71.8159
78.037315,64.00415,71.83851
78.529106,63.951496,71.669556
78.311615,64.34213,71.4947
78.28723,63.766056,71.43277
78.32943,63.86324,71.80741
78.026085,63.94518,71.58563
78.26868,63.800972,72.07005
78.231285,64.00437,71.538956
78.257545,64.10133,71.80902
78.49497,63.5947,72.01877
78.1281,64.03054,72.1251
78.27845,64.01635,71.80085
77.412575,64.194046,71.11401
78.364136,63.946198,72.032295
78.41351,63.979137,72.19924
78.643394,64.16702,71.879684
78.63816,63.616337,72.182045
78.206024,63.913944,71.90374
77.95817,64.04853,71.90235
78.40263,63.785015,71.670334
78.47377,63.969532,71.5248
77.95433,63.926243,72.27969
78.397,64.20485,71.73729
78.50969,63.834023,72.277306
78.44796,64.15524,71.92434
78.00517,63.92856,71.89159
78.537476,63.518078,71.588066
78.51891,63.749836,72.022804
78.299255,63.82647,71.85928
78.15061,64.16406,71.64581
78.64591,63.776825,72.00512
78.41657,63.71578,72.28975
78.342415,64.42748,71.10451
78.10735,64.452156,71.97708
78.135086,64.27515,71.409424
78.32104,64.07741,71.31631
78.27432,63.837547,71.95624
78.526306,63.838478,72.27716
78.47125,64.15321,71.63463
78.18559,64.10087,72.10725
78.00528,64.06086,72.10087
78.172806,63.932762,72.17677
78.312195,63.89733,72.09081
78.247116,63.795624,72.45618
78.5478,63.885063,71.63345
78.544685,64.09725,71.91601
78.393166,63.88103,72.21156
77.790764,64.048996,71.5188
78.473854,64.28107,71.75042
78.598045,64.307304,70.50676
80.30361,65.836845,71.415146
80.417,65.92981,71.21496
80.26311,65.79395,71.47203
80.292946,65.72981,71.601105
80.35282,65.676216,71.199135
80.50319,65.86685,71.371
80.53596,65.91966,71.69
80.62384,65.81725,71.14436
79.88475,65.853775,71.42968
80.3698,65.633835,71.453
80.543144,65.99293,71.32766
80.05885,65.91641,71.665855
80.31132,65.75996,71.73219
79.971436,65.8122,71.47731
79.99293,65.406715,71.46196
80.36573,65.782005,71.338234
80.13125,65.780266,71.33179
80.37671,65.586205,71.45639
80.4822,65.9135,71.21295
80.053795,65.99519,71.5378
80.216095,65.4641,71.22708
80.07099,65.988014,71.51732
80.15519,65.899086,71.30554
78.34862,64.07379,71.868355
78.27351,64.03524,71.56221
78.34481,64.63484,71.43752
78.61795,64.36,71.39424
78.15863,64.05739,71.49725
78.018776,64.25618,71.67208
78.492355,64.65486,71.68526
78.19964,64.279434,71.69813
78.70382,64.128944,71.390274
78.54149,63.905582,71.730316
78.40441,63.838154,71.709206
78.55879,64.12651,71.555824
78.03444,64.01119,72.230255
78.526924,63.716972,71.9321
78.39786,64.09755,71.858116
78.92642,63.78809,71.83966
78.598694,64.4439,72.162926
78.43411,64.20789,71.469894
78.6782,63.916492,72.06989
78.66446,63.88501,71.18792
78.018486,64.20405,71.93685
78.30614,63.769558,71.611305
77.81667,64.19221,71.51317
78.21863,64.17552,71.75857
78.71759,64.17724,71.2061
78.21063,63.979393,71.98898
78.32535,64.0165,71.15737
78.48878,63.895603,71.46353
78.35999,63.941082,72.12519
78.25071,64.16397,71.945366
78.39486,64.35269,71.33898
78.77326,64.53945,71.47779
78.1282,64.74755,71.63249
78.337456,64.37981,71.77676
77.64111,63.986397,71.80392
78.08418,64.02365,71.15234
78.35535,63.96438,70.922554
78.82207,63.75732,71.822174
78.92361,64.02523,71.63334
78.23865,64.04707,71.31519
78.924736,63.74719,72.29036
78.11649,64.17263,71.59256
78.36075,63.856777,71.76746
78.46141,64.20991,71.96267
78.97827,64.30614,72.02511
78.43082,63.73168,72.53094
78.397156,63.968666,72.19143
78.48528,63.999508,71.68196
77.98482,63.661373,71.72152
77.91954,63.867416,71.90613
77.85363,64.02416,71.72717
78.29743,64.03879,70.51762
78.047424,64.32072,70.69236
78.57243,63.33239,71.80662
78.392525,63.97742,71.374435
78.62847,63.893997,72.25886
78.324776,63.755978,72.28289
78.74171,63.828876,72.05339
78.3255,64.054634,71.52987
78.59241,64.184746,71.71258
78.62263,63.945107,71.46222
78.38118,64.094086,72.173645
78.33541,63.921825,71.85493
78.058105,64.152725,72.528465
78.287285,63.87439,71.5711
78.24512,63.921623,71.647285
78.332985,63.893005,71.970146
78.622604,63.693554,72.16156
78.382095,63.551617,71.65816
78.47456,64.398476,71.68099
78.213356,63.741108,71.82668
78.36209,64.135704,72.16761
78.570694,63.949173,71.814476
78.61911,63.9478,72.2656
78.177444,64.023384,71.43727
78.45454,64.396706,70.73365
78.46037,64.15664,71.8136
78.26118,63.975594,72.07849
78.18507,64.03022,71.609
78.01498,64.06576,71.585625
78.16465,63.951954,71.63415
78.170555,63.998554,71.91502
78.71893,63.883945,72.1684
78.83642,63.88108,72.235405
78.417816,63.935005,71.63574
78.581345,64.26163,71.95164
78.82953,64.442894,72.02945
78.435265,63.903263,72.12893
78.61568,64.28355,71.75494
78.27429,64.07564,71.80364
78.79191,63.837105,72.25736
78.651924,64.280624,71.58073
78.34761,63.85882,71.93749
78.461136,64.089966,71.76455
78.21234,63.920322,72.125534
78.06533,64.23968,71.76086
77.90297,63.91887,71.90156
78.37355,63.84223,72.24982
78.50709,64.08136,71.94427
78.3238,64.54685,71.587166
78.041504,64.13914,72.167145
78.04401,64.181564,71.58251
78.24094,63.93646,71.42991
77.906685,63.988136,71.38398
78.17516,64.271545,71.70475
81.14827,64.12348,70.154816
80.70902,64.31744,70.18712
78.26723,64.12342,72.22478
78.22669,63.88977,72.09367
78.43557,64.11311,71.81831
78.5968,64.23016,71.38717
78.48503,64.23824,70.91261
77.99729,64.25497,71.35439
78.63372,64.10168,71.35572
78.41546,64.16774,71.97023
78.76414,64.13609,71.91634
78.10662,64.34561,71.56157
78.52327,63.629845,72.251465
78.52965,63.895576,71.66812
78.88432,63.82109,71.73277
78.39508,64.10162,71.509674
78.421005,64.01888,71.937874
78.81684,64.15721,71.77309
78.09933,64.36915,71.18801
78.45146,64.19966,71.66025
78.38304,63.929676,71.87953
78.29303,64.0232,71.74146
78.15392,64.06523,71.760956
78.26059,64.1425,71.39862
78.29785,63.85077,71.78576
78.64627,64.51907,71.64755
78.18519,64.22927,72.007
78.69327,64.11312,72.0911
78.3126,64.22582,71.78862
78.60266,64.161736,72.14897
78.60448,64.28779,72.06638
77.98211,64.05578,71.31754
78.32026,63.9276,71.88162
78.528755,63.942284,71.99385
78.01184,64.00607,71.783485
78.45429,64.01355,71.67792
78.18947,64.230515,71.94803
78.4182,63.85868,71.66484
78.03199,63.740593,72.06286
78.39724,63.907455,71.985
78.069275,63.923862,71.608734
78.204865,63.68055,72.34234
78.34892,63.871902,71.88219
78.157455,63.66205,71.50346
78.71051,64.136665,71.82935
78.27728,64.08715,71.54412
78.431366,63.715664,71.91684
78.39786,64.027374,71.92507
78.36205,64.225685,71.63386
77.766045,63.914707,71.66642
78.4554,64.045784,71.79537
78.78305,63.713974,72.06809
78.586845,63.62845,72.15867
78.60934,63.89238,71.61412
78.31264,64.0819,71.8674
78.648705,64.15952,71.776436
78.606,64.019806,71.83373
78.10078,63.98503,72.24929
78.04114,64.382195,71.45344
78.24978,64.04057,72.13555
78.33384,63.780617,71.651146
78.490295,64.26006,71.70065
78.27411,63.840237,72.0124
78.12964,64.459915,71.62472
78.32884,64.007545,71.45634
78.99145,63.287666,72.09552
78.46932,64.19822,71.24605
78.03326,64.19407,71.75998
78.22221,64.30136,70.971306
78.41879,64.18407,71.24124
78.40981,64.16869,71.03078
78.22074,63.874847,71.82382
78.435036,63.61668,71.08562
78.666534,63.728077,71.597404
78.635605,64.185425,71.31099
76.37047,67.29034,73.07954
78.604164,64.762596,71.28831
78.753746,64.22234,71.13586
78.814026,64.1799,71.208
78.60254,64.34175,71.1246
78.23334,64.20154,70.62092
78.39088,64.19623,71.93721
78.55861,63.763725,71.631035
78.2029,64.1514,71.393425
78.882324,63.524166,72.25858
78.46876,64.18941,71.32551
78.59015,63.6442,71.57505
78.994675,63.095078,72.521904
78.23079,64.49104,71.52276
77.80796,63.845276,72.59137
78.71974,63.52814,72.003204
78.437706,63.66515,71.06991
78.74766,63.51987,72.276474
78.89042,63.04102,72.20376
78.37571,63.90359,71.26288
78.45995,63.92181,71.72536
77.980064,63.972797,71.160736
78.207726,64.19909,70.74215
78.141716,63.878914,71.59306
78.279396,63.451733,71.599396
78.427,63.560543,72.22416
78.06574,64.36685,70.74038
78.40357,63.99346,71.182846
78.47682,64.22408,71.443474
78.26041,63.79362,71.55399
78.62878,64.296425,71.35984
78.78864,63.631702,71.415016
78.49723,64.12081,71.50538
78.42191,64.384766,71.28147
78.42606,64.11052,71.38367
78.54207,64.27739,71.49145
78.18526,63.699627,71.8619
78.31965,64.25758,71.534966
79.07709,63.15577,72.40918
78.763535,63.91922,71.603676
78.40449,64.13675,71.54748
78.793976,63.334568,71.76178
78.819435,63.56354,72.22015
79.16121,63.71489,71.32367
79.025566,63.564865,71.93318
78.694214,63.439793,72.227005
78.50741,63.213787,72.1234
78.4064,64.08812,71.18894
78.229294,63.508324,71.21555
78.326485,63.525963,72.35497
78.51314,63.584087,71.19395
78.82546,63.936363,71.27707
78.55904,63.769096,71.26682
78.26687,63.84514,71.71005
77.86609,63.633263,71.10558
78.23904,63.972748,71.13793
78.49643,64.19218,71.50882
78.468025,64.096855,71.43418
78.54325,63.66928,71.7367
78.55435,63.565018,72.1507
78.27713,64.04414,71.08451
78.52763,63.676937,71.969025
78.34573,63.26302,72.17396
78.20771,63.834442,70.612076
78.48189,63.2303,72.39793
78.83172,63.209217,72.197334
78.344345,63.724087,72.20252
78.569916,63.66332,71.26896
78.140884,63.819874,71.08196
78.26244,64.153076,71.1064
78.429695,63.235733,72.45566
78.77138,63.343296,72.38829
78.60747,63.93749,71.091324
78.53029,63.80795,71.42962
78.186775,64.22628,71.626945
78.288635,63.654034,71.30076
78.60093,64.07379,71.35112
78.57591,63.743263,71.9317
78.6014,63.93446,71.74808
78.26854,64.329346,71.41703
78.314896,64.11958,71.47857
78.40069,64.21726,71.149055
78.5248,64.18762,71.82009
78.4642,64.06815,71.5522
78.824875,63.787003,71.7189
78.285164,64.467255,70.94022
78.16091,64.15413,70.701225
78.01133,63.631264,71.17627
78.03967,63.518543,70.98962
78.09026,63.866417,70.83083
78.47544,63.48303,71.84102
78.82147,63.3241,72.34098
78.54754,63.428673,72.26171
78.08945,64.07458,71.20959
78.24295,63.94373,70.74215
78.71015,64.318855,71.57475
78.10736,64.08684,70.64938
78.128586,64.051544,71.16602
78.71843,64.061554,71.59197
78.2685,64.37238,71.10825
78.27787,64.48722,70.98127
78.16186,63.71544,71.6815
78.704704,63.92988,71.219734
78.40195,64.238976,70.946335
79.27883,63.97825,71.94612
78.4733,64.22771,71.034935
78.08262,64.64685,71.13186
78.1237,64.3089,71.079414
78.41152,63.818005,71.54113
78.453674,64.15136,71.29264
78.44836,63.462463,71.902115
78.82724,63.813152,70.463104
78.57529,63.782494,71.845695
77.95438,63.796646,71.408966
78.349594,63.4098,72.105446
78.4521,63.689526,71.1622
78.06618,63.841347,71.20224
78.28983,64.09406,71.156494
78.130295,63.837,71.24904
78.49691,64.1059,71.57162
78.21557,63.4961,71.351105
78.667854,63.348465,71.628136
78.23739,63.971684,71.51197
78.491,63.783943,71.191414
78.4704,63.806404,71.521225
78.6818,63.98316,71.200386
78.54732,63.766563,71.13252
78.45567,63.729954,71.486275
78.012405,64.20183,71.18348
78.479675,63.766537,71.49944
78.35383,63.533302,71.1814
78.12059,64.02769,71.48098
78.32877,63.813282,71.71631
78.19945,64.20761,71.275024
78.50212,63.726078,71.43139
78.56984,64.05104,71.459496
78.48299,63.721947,71.327705
78.272514,64.249954,71.01888
78.745415,64.565445,71.00663
78.550766,63.850704,71.26029
78.21979,63.733032,71.35351
78.97085,63.50818,72.25496
80.32728,65.630516,71.5787
80.27804,65.44589,71.33101
80.3287,65.45204,71.24988
80.29641,65.82204,71.27047
79.16611,63.22794,72.061035
78.45858,63.690613,71.37517
78.48578,63.344402,72.01351
78.181145,63.077995,71.48259
78.37928,63.837284,71.33927
78.820496,63.602097,72.08082
78.223305,64.028946,70.906075
78.612015,63.45923,71.764854
78.38347,63.3646,71.77406
78.63614,63.498344,71.26446
78.39404,64.19673,71.54803
78.08651,64.247734,71.2255
77.63684,63.729458,71.32161
77.98528,64.02013,71.50107
77.91232,63.555725,71.308815
78.646324,64.12679,71.55232
78.46223,63.989555,71.52938
78.48816,63.77452,70.76078
78.603836,64.17404,71.40905
78.64739,64.25811,71.50444
78.85739,63.684193,71.274376
78.66178,63.490154,71.7291
77.83577,64.23406,71.69643
78.450264,63.815403,71.479805
78.19354,63.835323,71.546555
78.7573,63.73192,71.812775
78.52784,63.67944,71.21185
78.31481,64.14836,71.182365
78.47033,64.32975,70.276985
78.32791,63.737976,71.82753
77.94649,64.16229,71.25121
78.4805,64.179825,71.39154
78.07213,63.954727,71.11843
78.40423,64.033195,71.444664
78.78462,63.84442,71.363815
78.21412,63.987953,71.62777
78.008835,64.11391,71.22305
78.316216,64.391754,71.40114
78.38067,64.13914,71.36377
78.43768,63.683456,71.87212
78.57364,63.70015,71.78202
78.45656,63.7402,71.38956
78.32527,63.747677,71.307175
78.18464,64.10019,71.202576
78.400185,63.392143,71.8534
78.634674,63.51291,72.539856
78.23753,63.713764,71.24163
78.26286,63.866947,71.47558
78.37066,63.890842,71.903496
78.259575,64.080696,71.33464
78.417496,64.48846,71.32217
78.03809,64.475685,71.5202
78.34245,63.90439,71.461266
79.00882,63.88062,72.03813
78.36067,64.23181,71.65793
78.598976,64.09308,71.45879
78.11363,64.23688,71.78941
78.28361,63.768517,71.54398
78.51135,63.72322,71.43248
78.30755,63.69592,71.57881
78.23562,64.14415,70.51931
78.87788,63.485867,72.2822
78.32382,64.03509,71.29078
78.49672,64.16555,71.56639
78.3888,64.32636,70.8841
77.91935,64.49632,71.33564
78.35209,64.16841,71.11287
77.8285,63.890556,71.8202
78.655426,64.14283,71.24504
78.55533,64.10444,71.31291
78.26397,64.10815,71.596
78.25049,64.19841,71.01777
78.571915,63.985504,71.53826
78.12586,64.26662,70.5316
78.58835,64.294945,71.628006
78.32574,64.17084,71.362305
78.23267,64.07247,71.499214
78.27558,63.866898,71.55436
78.36113,64.05114,71.4629
77.66086,64.62621,70.62841
78.67426,63.914127,71.59051
78.56389,64.22726,71.661285
78.13807,64.50275,70.85596
78.165634,64.198044,71.567505
77.946236,64.12112,71.01273
78.624565,64.47747,71.54979
78.64084,64.136826,71.32196
78.29292,64.42238,71.61243
78.247925,64.16605,70.98827
78.00063,64.081505,71.18595
78.29361,64.565605,71.23001
78.51337,64.12031,71.587975
77.99507,64.041885,71.468056
78.598015,63.48168,72.02565
78.65685,63.358463,72.346695
78.40851,64.051445,71.537636
78.35535,63.594658,71.65253
78.75498,63.79931,71.57059
78.56979,63.43557,72.333275
78.335724,64.13065,71.13924
78.63869,63.869465,71.144165
77.94148,64.73939,71.0226
78.65748,63.67837,71.729454
78.28302,63.878803,70.96963
78.37539,64.1714,71.09749
78.42974,63.987514,70.938034
77.99151,64.34538,70.825424
78.5342,64.38141,71.054726
78.53518,64.01083,71.01351
78.693634,63.678585,71.9304
78.21028,64.00094,71.20613
78.28481,64.05516,70.737946
78.21295,64.13525,71.21395
78.62845,64.42681,71.36347
78.32394,64.40059,71.400826
78.3658,64.19224,70.783295
78.58724,64.07003,72.04657
78.34591,64.27292,71.106735
78.59259,63.79504,71.65548
78.6453,64.071236,71.47917
78.65769,64.30773,71.3508
78.616585,64.32044,71.81473
78.17517,64.31384,71.557434
78.40081,64.01211,71.106674
78.4388,64.10634,71.19794
76.988846,64.32307,70.31695
78.26519,64.54636,71.19772
78.10061,63.919228,71.89015
78.26458,64.55713,71.40229
78.77497,63.4554,71.937965
78.20475,64.110504,71.450424
78.58216,63.900715,71.48074
78.397194,64.09338,71.354004
78.52542,64.0455,71.48086
78.17016,64.022964,71.34422
78.44489,64.47813,71.12418
78.47848,64.00359,71.58609
78.65965,64.695786,71.50567
80.14771,65.750725,71.50507
80.42072,65.94233,70.974525
80.03093,65.72485,71.361115
80.48822,65.81829,71.38223
80.232735,65.6571,71.22028
80.46051,65.88959,71.347725
80.421585,66.00153,71.12458
80.28106,65.93367,71.21993
80.340195,65.82263,71.02824
78.5719,63.770412,72.01502
78.81762,63.50212,71.92445
78.67884,63.57849,72.29504
79.01125,63.31297,71.83891
78.71272,63.714893,71.79517
78.19436,63.26771,72.75815
78.81462,63.90086,71.2959
78.43985,64.06088,71.25968
78.59284,64.18471,71.30108
78.535446,63.953163,71.3486
79.08583,63.40651,71.949554
78.45015,64.15979,71.445984
78.47898,64.02406,71.882126
78.0698,64.53225,71.251656
78.771996,64.40774,71.60661
77.78892,64.8516,71.19372
78.399734,63.826313,71.42612
78.34927,63.546482,71.99886
78.93479,63.484657,71.98051
78.33539,64.5181,71.01153
78.4544,64.12607,71.51456
78.13923,64.14799,70.91969
78.36206,64.33614,71.3517
78.75433,64.04881,70.7966
78.10388,63.909107,71.48756
78.21818,63.8918,71.55157
78.372154,64.235756,71.201614
77.96666,64.03612,71.331726
78.36997,63.87504,71.43797
78.26234,64.07971,71.252815
78.16713,63.797287,71.42849
78.29936,64.354355,71.33711
78.423935,63.843246,71.755135
78.848366,63.396442,72.46821
78.18022,63.60686,71.1482
78.08022,64.43267,71.27267
78.16746,63.96702,71.61615
77.70454,64.03229,70.94038
78.234505,63.654278,71.769684
77.87468,64.03231,70.88935
79.164375,63.3899,71.90948
78.03899,64.21378,71.30151
78.35175,64.41597,71.5564
78.05664,64.19354,71.26246
78.090485,63.802452,71.46085
78.423965,63.579014,71.54478
78.05646,64.06669,70.5555
78.44585,63.99769,71.03117
78.67126,64.17808,71.50911
78.07251,64.02254,71.3715
78.232735,64.313576,71.249886
78.20608,64.12592,71.112885
78.29517,64.07658,71.631775
78.119095,63.69268,71.77486
78.80337,63.712524,71.75233
78.37555,63.93209,71.73708
78.545616,63.99184,71.19237
77.96455,63.865578,71.677185
78.23275,63.94624,71.57596
78.36233,63.986187,71.44583
78.489456,63.795635,72.07654
78.45602,63.782978,71.14708
78.51466,64.2073,71.52745
78.353386,63.74446,72.20074
78.51841,64.31376,71.45583
78.65311,64.35589,71.22292
78.40634,63.921055,71.219696
78.5017,64.08873,71.02471
77.893166,64.16484,71.58808
78.11075,63.600742,72.185715
78.49927,64.0145,71.31768
78.777,63.518654,71.91226
78.48285,64.14738,71.65776
78.66875,63.694107,71.92257
78.73389,63.5498,72.112175
78.44378,63.68593,71.41216
78.59513,63.94645,71.341835
78.39335,64.279976,71.44846
78.887566,64.13746,71.97011
78.45278,64.223694,71.33084
78.37705,63.79395,71.02891
78.45254,63.6783,71.930626
78.13969,64.063705,71.47417
77.946625,63.909855,71.40399
78.345245,63.55259,71.79755
78.69391,64.19167,71.62383
78.43629,64.42092,71.64219
78.51919,63.862293,71.51087
78.103195,63.35054,73.07797
77.44341,63.837505,72.845665
78.24699,63.537277,71.78769
78.475,64.38546,71.311935
78.43778,63.805992,71.240326
78.500206,63.607525,71.980415
78.26914,64.184746,71.44839
78.51152,63.809757,71.44497
78.4763,64.32088,71.66297
78.500755,63.609543,71.88059
79.03017,63.864708,71.97923
78.507065,64.335594,71.47873
78.29506,63.946007,71.55636
78.56521,64.28682,71.39755
78.35138,64.2286,71.74556
78.37988,64.30665,71.70233
78.23528,64.21592,71.15954
78.36597,63.919514,71.278465
78.32968,64.043205,71.18792
78.60921,63.708443,71.60584
78.65677,63.80224,71.91438
78.42533,64.51604,71.43759
78.21381,64.39775,71.22981
78.29135,64.36094,71.4831
78.57263,64.32725,71.574646
77.83623,64.56381,71.947075
78.13722,64.65663,71.501976
78.37344,64.558754,71.39394
78.15121,64.14239,71.34565
78.274704,64.83978,71.32383
78.137054,64.195114,71.1298
78.46197,64.182945,71.3385
78.35261,64.29574,71.58339
78.342705,64.31023,71.025665
78.76459,64.07131,71.77024
78.37814,64.32778,71.490906
78.40117,64.07876,71.90602
78.52623,64.31799,71.52784
78.26278,64.237465,71.90836
78.5093,63.98297,71.62764
78.145546,64.21016,71.37195
78.123085,64.344246,71.620316
78.52625,64.26707,71.644844
78.3279,63.983387,71.39156
78.32387,64.4446,71.71349
78.35602,64.471375,71.41551
78.55989,64.28803,71.366
78.499466,63.5583,71.788704
78.42121,64.176704,71.462036
78.31333,63.595516,72.32314
78.40062,63.676674,72.16775
78.26269,63.751907,71.257164
78.565544,63.74601,71.02704
78.41765,64.016556,71.02931
78.23781,63.83104,71.60961
78.23335,64.03795,71.26059
78.259026,63.918804,71.5885
77.75422,63.644016,70.94517
78.01316,64.03832,71.40022
78.06101,64.023125,71.504486
78.445984,63.574604,71.56477
78.40101,64.19457,70.91576
78.38152,63.988136,71.41579
78.01229,64.016106,71.794044
78.067604,63.77661,71.524666
78.21316,64.12413,71.53118
78.311554,64.52893,71.053734
78.85143,63.5227,71.82259
77.622536,64.189224,71.50548
77.73978,63.91198,71.14258
78.47046,63.6591,71.42425
78.553154,63.850994,71.72547
78.200226,64.24509,71.0216
78.45784,64.18759,71.457
78.816986,64.13996,71.47217
78.35239,64.265175,71.64851
78.498505,63.99465,71.07954
78.19053,65.03995,71.24247
78.113174,64.13264,71.06138
78.80649,64.48761,71.329025
78.40293,64.721436,71.16099
78.84874,64.21772,71.18192
78.66398,64.478065,71.20686
78.86621,64.13191,71.339455
78.7174,63.86647,71.66849
78.70093,64.25976,71.606544
78.33035,64.5002,71.46178
78.598495,64.16139,71.43756
80.34802,66.03495,71.82394
78.18655,63.983868,71.51168
78.30508,63.748325,71.71824
78.09616,63.72036,71.16623
78.42667,63.688698,71.7936
78.02254,63.728664,71.45329
77.98574,63.44823,71.75635
77.95752,63.877926,71.23262
78.25501,63.82323,72.15592
78.18366,63.5816,71.256615
78.03032,63.991795,71.28723
78.43533,64.23589,71.153305
78.06285,64.41849,71.027824
78.11829,63.888474,71.73857
78.233826,63.78402,71.365204
78.3706,63.940166,71.90547
78.05884,64.457695,71.022064
78.53446,64.23942,71.573296
78.141685,63.916927,71.36788
78.01144,64.36752,71.64749
77.86265,64.76355,71.08223
78.47328,63.853653,71.27282
78.28278,63.74106,71.786575
78.26017,63.598724,71.74249
78.20727,63.916443,71.086716
77.8682,64.12381,70.74172
78.52542,63.658314,71.1574
77.83529,64.19238,71.06751
77.80552,63.934574,71.202324
78.60421,63.603592,71.75142
78.0392,63.885338,71.50179
78.19169,63.667614,71.40186
78.48847,63.734978,71.67062
78.221794,64.108154,71.14784
76.37925,67.17828,72.51207
78.383835,64.08309,71.71968
78.39044,64.00412,71.17896
78.23659,63.97231,71.3102
78.255714,63.887672,71.24661
77.87295,63.73165,71.07623
78.1359,64.483086,71.475044
77.9472,64.15095,70.856606
78.31493,64.226906,71.062775
78.32651,63.874634,71.59249
78.390205,63.874783,71.17859
78.16487,64.10533,71.31582
78.482834,63.80344,71.689606
78.38727,64.0546,71.17861
78.374405,63.93207,71.8898
78.325134,63.94935,71.7713
78.337975,64.05316,71.37929
78.14283,64.15354,71.78401
78.53444,63.908447,71.44366
77.42846,64.25962,71.04088
78.130226,63.934258,71.01131
78.40599,63.857983,71.653984
78.01773,63.9373,71.049866
78.56884,63.851543,71.38018
77.9729,64.31219,70.76136
78.29312,63.667076,71.74824
78.045166,63.917957,71.47343
78.33655,64.04407,71.44606
78.011215,64.22201,71.47225
79.21005,64.44776,71.32605
78.43901,63.652245,71.899536
78.03535,64.3072,71.31057
78.33407,64.15183,71.74735
78.51674,64.262985,71.54385
78.09899,64.20745,70.85537
78.53917,63.62629,71.400246
78.815636,64.129074,72.13334
78.13317,63.595985,71.406494
78.01617,64.07864,71.45362
78.21488,64.250244,71.1856
79.084625,63.47201,71.587944
78.37239,63.8473,71.56393
78.615456,63.821922,71.58652
78.19655,64.268074,70.86419
78.38746,63.465843,71.682846
78.29645,64.13329,71.35007
78.28666,63.770206,71.42108
78.34242,63.702312,71.5152
78.20192,63.673508,71.10219
78.49129,63.894745,70.98574
78.287895,64.132675,71.79234
78.08269,64.268005,71.348816
78.388794,63.75725,71.71867
77.95728,64.18615,71.46419
78.40017,64.21953,71.36513
78.26049,63.73131,71.68673
78.52108,63.710087,72.02825
78.35063,63.61556,72.54594
78.12787,64.09929,71.30371
80.12271,65.92451,71.50781
80.27567,65.89958,71.461586
80.422,65.660416,71.35249
80.2557,66.04012,71.32799
78.29005,63.822304,71.56381
78.44849,64.28026,71.215355
77.982635,63.926094,71.19679
79.06461,63.53615,71.899155
78.08741,64.01615,70.93679
78.10258,64.35009,71.37819
78.322044,64.50239,71.08157
78.11537,64.45459,71.41755
78.3534,64.187065,71.44012
78.67891,64.028206,71.19724
78.28397,64.75102,71.41597
78.264,63.768005,71.72464
78.652405,63.71116,71.48467
78.5151,63.692017,71.832695
78.52116,63.718792,71.835686
78.81204,63.518482,72.26496
77.89983,63.736916,71.24361
78.15414,63.86276,71.30927
78.61397,63.841385,71.96835
78.27409,64.02009,70.972626
78.34155,64.48794,71.21864
77.95963,63.72937,70.76215
77.39192,63.763477,70.6695
78.65064,64.29995,70.93242
78.787834,63.93064,71.45747
78.1224,64.19353,70.925865
78.18669,63.912495,71.34224
78.127266,63.550377,71.80626
78.31092,64.240616,71.195564
78.413246,64.30002,71.81973
78.666855,64.081085,70.825195
78.22096,64.32808,71.223656
78.0597,64.22486,70.85357
77.91256,64.18354,70.931564
78.438156,63.4751,72.06799
78.743004,63.638073,71.93834
78.3932,64.11334,70.95293
78.28718,64.24337,70.686554
78.18286,64.03307,71.36778
78.45351,64.124344,71.34978
77.8169,64.04352,70.77049
78.086685,63.65554,71.53853
78.078064,64.02792,71.155205
78.24064,63.916466,71.248375
78.28283,63.898922,71.23394
77.34287,65.026245,70.69297
78.22387,64.20865,71.39298
78.017715,64.038704,70.88487
78.24454,64.44042,71.1595
78.00582,64.10024,70.80008
78.25065,64.106125,71.24816
78.31945,64.01344,71.453255
78.71885,64.05178,71.48662
78.19959,64.270546,71.30377
77.93185,64.80277,71.30775
78.472,63.610867,71.61744
78.154205,64.06657,71.31204
77.96777,63.54886,71.57161
78.16176,64.28701,71.037125
78.549484,64.08495,71.56125
78.530365,63.922985,71.64017
78.33685,64.11596,71.414894
77.94973,64.49152,70.47289
78.83118,63.55096,71.38355
78.659805,63.614983,72.274445
78.585625,64.23515,71.339005
78.25904,64.004944,71.08689
75.72207,66.7208,73.00437
78.1074,64.47793,71.088745
78.7032,64.21764,71.49562
78.57757,63.75846,71.34536
78.007355,63.82472,71.419205
78.14699,63.932846,72.16311
78.47958,63.66934,71.74695
78.2587,63.91253,71.34409
78.36711,63.84059,71.40359
78.12692,63.64513,71.51632
78.58413,63.866924,71.52573
78.27019,63.963333,71.36592
78.4419,63.559875,72.19122
78.47242,63.457787,71.71237
77.75682,64.754555,71.01844
78.69692,64.05708,71.82719
78.396065,64.34323,71.231285
78.79912,63.853264,71.08761
78.24345,64.02757,71.180534
78.25469,64.18532,71.17843
78.29786,64.18547,71.128044
78.520645,63.96531,71.76383
78.03426,63.97845,71.09526
78.30051,63.721043,71.25218
78.14753,64.03043,71.189255
78.29494,63.734898,71.41147
77.968765,64.08822,71.0692
78.147064,63.702545,71.33191
78.556,63.65259,71.8845
78.33597,63.863407,71.266495
78.082954,64.39151,70.80941
78.627716,63.55884,71.53834
78.311905,64.03302,70.72717
78.42587,63.78869,71.83078
78.35357,63.511383,71.12502
78.61935,63.71788,71.97099
78.08252,63.826164,70.771034
78.187675,63.868362,70.96203
78.60229,64.512764,71.60853
78.651115,64.15569,71.31328
78.50966,63.906563,71.33871
78.67184,63.88886,71.54311
78.47399,64.26909,71.4881
78.281105,64.19266,71.411736
78.21694,64.32061,71.40639
78.705444,64.09326,71.564735
78.35875,64.428276,71.42477
78.158005,64.674736,71.522934
78.13434,63.985035,71.32613
78.11554,63.967308,71.466835
78.16765,64.043076,71.52368
78.30419,64.35264,71.682655
78.0442,64.12778,71.08791
78.243416,64.00511,71.44623
77.47992,64.34393,70.29549
78.317924,63.801598,71.40236
78.49401,64.193306,70.66392
78.48729,64.159874,71.603874
78.29178,63.78505,71.58795
78.5068,63.60824,72.03096
78.48667,63.547073,71.69789
78.2815,63.911983,71.1229
80.14347,65.83127,71.04057
80.344666,65.75353,71.077835
80.06461,65.68298,71.388985
80.424644,65.61317,71.27492
78.15401,63.949677,70.986534
78.69657,63.502785,71.92663
78.31942,63.704525,71.57044
78.26614,63.610416,71.460686
77.97872,63.932262,71.039055
78.17619,63.952377,70.887535
78.64728,63.92946,72.00784
78.28751,63.720303,72.14417
78.20505,63.960205,71.442986
78.23476,63.975582,71.45312
78.66574,63.37089,71.61436
78.14011,63.71308,71.314674
78.48022,63.95471,71.627716
78.184425,64.29383,70.635056
78.08991,64.270706,71.10701
78.31571,63.856415,71.62131
78.06359,63.985825,71.34353
78.40302,63.58997,71.09513
78.26882,63.556988,70.83056
78.7419,64.02441,71.35885
78.82009,63.608604,72.341576
77.98926,64.31055,70.17748
78.422966,63.644558,71.338684
78.38374,63.91127,71.15413
78.50407,63.62042,71.65077
78.153824,64.169785,71.12391
78.26117,64.25719,71.20494
78.382744,63.8596,71.33311
78.28943,64.32565,71.23942
78.59556,64.18177,71.17333
78.48065,63.70325,71.68445
77.963295,64.44825,70.554794
77.93964,63.936024,71.18579
78.04792,64.15017,70.42379
78.22063,63.8306,71.12373
78.635666,63.65867,71.49106
78.76963,63.6049,71.9439
78.20393,63.988403,71.01305
78.64372,63.518623,72.036705
78.551544,63.787937,71.376015
77.88242,64.0814,71.02289
78.43224,64.11157,71.43676
78.31777,64.05611,71.767296
78.461205,64.05733,71.40268
78.47849,64.13746,71.63047
78.68023,63.75012,72.25979
78.32267,64.092606,71.47849
78.574936,63.743347,71.78148
78.32063,63.977013,71.55031
78.36443,64.17053,71.23864
78.33351,64.08441,71.20712
78.39774,64.49237,71.3498
78.81441,63.589733,72.0826
78.07936,63.98049,71.07616
77.87884,64.423225,71.023674
78.808426,63.738262,72.27143
78.162476,64.1562,71.48797
78.06752,63.90475,71.16205
78.1295,64.13877,70.442505
78.52548,63.56445,71.58347
78.27982,63.854294,71.38489
78.61238,63.982075,71.343185
78.57355,64.02572,71.306915
78.1226,63.689064,71.62537
78.78184,63.849045,71.69596
78.55175,63.597572,72.227165
78.21397,64.20072,71.406166
78.58499,64.35579,70.83596
78.323616,64.355415,71.387825
78.26401,64.44276,71.31964
78.63267,64.09609,71.58825
78.397064,64.289024,71.429474
78.66948,64.176025,71.045944
78.20481,64.25406,71.2687
78.11731,64.22981,71.530045
78.206726,63.821587,71.59261
78.66245,63.331554,71.92707
78.41012,63.764896,71.727776
78.296715,63.643353,71.59265
78.193634,64.453964,70.95272
78.24712,63.574734,71.65564
77.998215,64.44394,71.02885
78.79209,63.521008,71.716095
78.26841,64.0767,70.98798
78.73358,63.400288,72.35127
78.48029,64.11985,71.24935
78.587036,63.858624,71.8383
78.58309,63.610325,71.8454
78.04215,63.96705,71.38663
78.31964,63.587326,71.53535
78.29664,64.402,71.714386
78.41872,64.36068,70.873146
78.339745,63.950542,71.52154
78.73511,63.635693,71.527954
78.474884,63.334976,72.21249
78.49243,64.44053,71.84327
78.52681,63.695843,71.754715
78.238235,64.15789,71.71614
78.504326,64.36536,71.76281
78.50374,64.34168,71.3763
77.97018,64.395744,71.33979
78.443886,64.114365,71.67306
78.45557,64.19768,71.59576
78.37958,64.580826,70.74917
78.28208,64.11327,71.78014
78.162506,64.23152,71.69394
78.21499,64.57799,71.40479
78.30209,64.54079,71.14063
78.79846,64.039566,71.57115
78.666626,63.925106,71.56986
78.697266,64.02655,71.652534
78.07097,64.842155,71.196915
78.012436,64.20576,70.51092
78.381615,64.46328,71.41529
78.61804,64.35243,71.520294
78.387405,64.4239,71.48318
78.06789,64.44716,71.340096
77.94602,64.437935,70.8879
77.46076,64.69645,71.011024
78.308395,63.916046,71.6057
78.45597,63.744812,71.281
77.97493,64.14415,70.763275
78.99353,63.88711,71.996704
78.06753,64.33088,71.29743
76.071846,67.66704,73.212395
78.69395,63.94162,71.73304
77.945366,64.21116,70.926414
78.07739,64.13539,71.247696
78.69183,63.794476,70.29777
78.21888,64.189316,71.07586
78.01356,64.0899,71.068436
78.68132,63.658306,71.4017
78.55518,63.431114,71.39484
78.38161,63.922855,70.66585
78.397385,63.786556,71.268936
76.01782,66.740074,73.103516
78.18095,64.01621,71.43193
77.829666,64.09298,71.37477
78.33725,64.29654,71.07553
78.117004,64.52332,70.994835
78.18401,63.7218,71.99465
77.85206,63.949947,70.96022
77.967026,63.914745,70.78275
77.86796,64.39593,71.13047
78.40465,63.839165,71.593285
78.13548,63.704018,71.880486
78.08075,64.36341,70.719284
78.4168,63.71258,71.345604
78.10472,63.80826,71.15857
78.20889,64.16859,71.11103
80.01163,65.74672,71.563034
80.231895,65.41169,71.78694
80.45333,65.52634,71.24592
80.21276,65.86938,71.61952
80.41469,66.077194,71.6502
78.079666,64.08456,71.93593
78.15458,63.86797,71.5344
78.023636,63.8317,71.3468
79.0864,63.179558,72.34185
78.40823,63.831627,71.96934
78.093124,64.07461,71.655235
78.07599,63.469692,71.79843
78.73219,63.602474,72.0987
78.162056,63.634228,72.04022
77.87779,63.735287,72.3173
78.2894,64.22631,71.05029
78.40797,64.481094,70.86755
77.94162,63.95193,71.284515
78.05292,63.958435,71.560646
78.63009,63.875015,71.564095
78.31076,64.16049,71.297485
78.319626,63.961643,70.092865
78.110565,63.850662,71.31038
78.12715,64.05079,70.97555
78.49374,63.609978,71.236374
78.535614,63.772697,71.13211
77.61942,64.16001,70.941284
78.23523,63.77852,71.39245
78.33435,63.36679,72.202896
78.5263,64.15482,71.08437
77.98644,64.00499,71.07131
78.74234,63.976955,71.431305
78.21203,64.10121,71.183136
78.1215,63.926388,71.71707
78.44193,63.769283,71.68739
78.5816,64.10619,71.1541
79.18442,63.92099,70.72177
78.28349,64.34934,71.151505
78.48865,63.983685,71.09122
78.46619,63.710075,71.57548
78.41845,63.935917,71.831314
78.2109,64.10451,71.28022
78.14467,64.064514,70.950584
78.424995,63.64573,71.5359
78.15628,63.813274,72.06997
78.42939,63.733524,72.29877
78.13281,63.779316,71.556526
78.44596,63.6891,71.71933
77.77544,63.80484,72.019806
77.926,63.818317,71.598976
78.37823,64.0301,71.743805
77.84443,63.751152,71.78161
77.81395,64.01115,71.529755
77.64992,63.82315,71.71659
78.2375,64.016396,72.26782
77.93586,63.912704,71.47381
77.485146,64.122894,71.20441
78.220024,63.789654,71.83714
78.0635,63.91011,71.96141
78.45842,63.6232,72.30016
78.35053,63.64127,71.69653
78.20799,63.672676,72.05373
78.042816,64.14677,72.07107
78.29387,63.644253,72.302956
78.234116,63.66709,71.64458
78.073784,63.611126,71.83867
78.76041,63.59822,71.82838
77.82733,63.829426,71.24016
77.9463,63.871002,72.27852
78.5168,63.84346,72.03038
78.15718,64.13004,71.42025
78.11113,63.986874,71.79341
78.02303,64.35019,71.804756
78.05413,63.467953,71.768906
77.488045,63.575478,72.05129
78.307106,64.06385,71.57791
78.40864,63.4777,71.97232
80.17232,65.68237,71.36257
79.8737,65.84264,71.36345
79.77385,65.67398,71.9708
80.20319,65.93396,71.28722
79.92995,65.38119,71.30131
80.03961,65.6673,71.297646
79.98068,65.471695,71.59553
79.87319,65.63127,71.47203
79.85085,65.611786,71.49943
80.04749,65.667046,71.50087
80.02379,65.657875,71.39329
79.937675,65.82835,71.393074
79.99745,65.35607,71.37659
79.94893,65.05677,71.45093
79.77896,65.66958,71.271904
80.03599,65.40389,71.1011
79.90762,65.7583,71.47987
79.98734,65.64019,71.59558
79.9551,65.3241,71.56011
80.02126,65.69729,71.182076
78.10302,63.583942,71.861916
78.55754,63.623848,71.90169
77.87729,63.87163,70.64656
78.307945,63.710194,71.0523
78.04704,63.78916,70.79493
77.76023,63.473083,71.687195
77.98043,63.70861,71.71262
78.36374,63.687935,71.99547
78.18954,63.553383,71.281845
78.00913,63.642723,70.982895
77.95521,63.55839,71.47001
78.31344,63.656048,72.18856
80.240295,65.44371,71.09722
80.56208,66.09281,70.82409
79.98077,65.43033,71.39954
80.10035,66.027054,71.389885
80.15468,64.66066,71.36276
80.18839,65.633255,71.1416
80.19316,65.71328,71.28509
80.12751,65.283424,71.6521
76.07596,67.73082,73.235504
75.91457,67.32694,73.28825
78.131226,63.63805,71.66226
79.00271,63.112896,72.57006
79.03055,63.349163,72.30695
78.44878,63.76931,71.76909
78.39522,63.705807,71.822716
78.51037,63.337284,73.03762
78.92083,63.242382,72.59807
78.11894,64.00264,71.932076
77.81647,63.846058,71.2351
78.27039,64.364044,71.14943
78.429306,64.20456,71.3185
78.37736,64.568794,71.19727
78.581985,64.16529,70.438866
78.274155,64.06551,71.89283
78.39722,64.359634,71.97769
78.43949,64.15925,71.64714
78.11631,64.12878,71.42562
77.96586,64.10572,70.907394
78.28995,64.15192,71.005226
78.421715,63.81738,71.5593
78.57781,63.74024,71.97441
78.9285,63.281193,72.61812
78.05299,63.899433,71.33714
78.24677,63.796753,72.09403
82.775406,62.79736,79.246704
82.2119,62.369915,79.438446
82.541824,61.492947,79.577225
82.49618,62.179604,79.329765
83.14629,63.536064,79.451035
83.09586,63.651314,79.08529
81.519325,63.746143,78.70586
83.47106,66.170876,78.3658
84.060196,66.078926,78.13888
83.531586,66.068565,77.90497
83.53736,66.34796,76.78784
83.32779,66.27623,76.735214
82.9153,65.25447,79.32292
83.986885,65.63351,78.970116
80.57938,63.374603,71.437996
80.70529,63.28778,71.90532
80.41075,63.793884,72.74353
80.85789,63.314625,72.17613
80.157974,63.330925,72.387474
80.61866,63.62759,71.443596
80.89093,63.82301,72.109856
80.67698,63.65931,71.67475
81.0115,63.531853,71.4872
80.52685,63.786617,71.98081
80.644356,63.79303,71.774055
80.941605,63.37381,71.4861
80.28503,63.683655,72.40162
80.96415,63.54829,71.72293
80.74562,63.62186,72.29844
80.370895,63.295,72.355156
80.33958,62.864105,71.80436
80.51027,62.976997,72.17654
80.8226,62.951847,71.730675
80.15343,63.090965,71.58479
80.264915,62.508156,72.09479
80.55219,62.771347,71.67816
80.253044,63.280262,72.00453
80.04783,62.854202,71.900154
80.13259,63.18247,72.38437
80.57137,62.368114,72.590775
80.3754,63.541985,71.107185
80.60086,62.99088,71.50745
80.53175,63.16069,71.599014
80.24197,63.212643,71.57153
80.14174,63.089508,72.6624
80.19396,62.857803,72.70603
80.21489,63.3158,71.42725
80.191864,62.876938,72.025635
80.53356,63.249447,71.28323
80.272766,62.891037,72.54173
80.17375,62.795624,72.79842
80.09117,62.64832,72.908714
79.90956,62.97324,72.11199
80.07288,63.10073,71.746086
80.20734,62.947807,71.99055
80.23529,63.317078,72.236496
80.24644,63.38393,72.419914
80.273346,63.390594,71.96069
80.23572,63.461395,72.276634
80.37393,63.326077,72.09206
80.360565,63.551643,72.13873
80.330376,63.599125,72.05334
80.24807,64.17736,71.72232
80.41781,63.935604,72.74366
80.36478,63.729595,72.19594
80.1858,63.555904,72.57418
80.57139,63.713333,72.45213
80.75951,63.60385,72.76504
80.8314,63.5345,71.93117
80.450096,63.312275,72.47516
80.21517,63.32847,72.20355
80.11503,63.34589,72.08832
80.27552,63.23545,71.882195
80.31755,63.17749,72.40175
80.129166,63.509975,71.89016
80.56191,63.2773,72.57991
80.520004,63.267574,72.60557
80.51396,63.79709,71.77404
80.69168,63.601208,72.05787
80.63204,63.95233,71.14747
80.55218,63.553986,71.58572
80.56416,63.712418,71.92252
80.63668,64.11278,71.469124
80.60915,63.906017,72.02308
80.56721,63.317467,71.99976
80.604546,63.554573,71.61428
80.63483,64.043015,71.81005
80.61583,63.986645,71.78688
80.85899,66.56162,72.31912
80.36341,66.25928,72.21728
79.35531,65.829636,72.458374
80.02176,65.90326,72.19417
79.19698,65.32131,72.72785
79.72083,65.73113,72.65402
81.22103,64.414116,79.10109
81.356895,64.56794,79.275475
82.42388,65.85177,79.12557
81.446976,65.110825,79.5254
81.64667,64.87827,78.81136
82.175224,65.41386,79.84097
81.17482,64.68427,79.04818
82.17823,65.20946,79.361046
81.55975,65.14759,79.241295
81.82905,65.13337,79.38434
81.529106,64.86345,79.72614
81.83943,65.79496,79.16377
82.09053,64.74468,79.58974
82.133,65.22702,79.606064
82.05776,65.273994,79.54139
81.70841,65.02832,79.223076
81.604324,64.82428,79.38305
82.14922,65.46493,79.95686
81.777504,65.317245,79.72722
81.76946,65.18151,79.56254
82.59132,65.66562,79.55393
82.260345,65.561386,79.46875
81.92064,65.57669,79.40844
82.01189,64.92164,79.60984
81.44961,64.85741,79.41104
81.87661,65.1308,79.99732
81.40863,64.88423,79.34172
81.646385,63.521244,79.61347
80.94527,63.86187,80.004
81.640045,64.08449,79.86107
81.49724,63.700787,80.12662
81.46053,64.444046,79.82288
80.718735,63.84494,80.01983
81.560875,63.41749,80.11721
82.19687,65.60055,79.79746
82.170685,65.62194,79.469215
82.85756,64.901855,79.66004
81.80797,64.30264,79.58125
81.79455,65.00323,79.30503
82.09855,65.26531,79.59368
81.83573,64.66574,79.81767
81.71063,65.09016,79.442726
81.35515,64.56427,79.72844
81.80271,65.00708,79.84098
82.27262,64.62368,80.05533
81.88577,64.97995,80.268105
82.05526,64.997375,79.94329
82.36032,64.69684,80.20706
81.907074,64.63787,79.88282
82.2698,65.27519,79.889984
81.93117,64.48195,79.97927
81.838036,64.24995,79.870674
81.977196,64.497536,79.95338
81.723145,64.56981,79.912
81.91807,64.9866,79.69171
81.91697,64.80511,79.91721
81.645454,64.81496,79.57029
81.5087,64.36833,79.513054
82.42022,65.07638,79.58617
82.93716,65.56088,79.79174
81.953316,65.23285,79.584595
81.52391,63.99309,79.57581
81.985405,64.213356,80.23182
81.56563,64.58305,79.90652
82.520966,65.34288,79.715034
82.18186,65.020325,79.865074
82.22861,65.61527,79.69865
82.28644,65.17554,79.772285
82.299,65.61899,79.50532
81.94641,64.6082,80.007095
81.390976,64.37345,79.73904
82.13801,64.91161,80.15808
82.03489,65.00453,79.95928
82.24384,65.345245,79.17081
81.6112,64.44998,79.474144
82.14255,65.09392,79.41044
81.81612,64.4866,79.940834
81.55402,64.366486,79.98864
81.63029,63.857433,79.63765
81.36615,64.643265,79.54603
81.89197,64.43772,79.803566
81.98475,64.95612,79.57916
82.009735,64.58872,79.86237
81.42923,65.20341,79.24488
81.6809,63.644676,80.13112
81.87222,64.56825,79.756584
82.21988,64.48873,79.86803
81.53479,64.41498,79.873245
81.83928,64.591034,79.61152
81.52197,64.332184,79.634254
81.75007,64.70908,80.169014
81.99147,64.8404,79.56214
81.48543,64.62703,79.79057
81.52606,64.624756,79.43382
81.599045,64.89832,79.56268
82.01213,64.74631,79.562256
82.22064,65.05547,79.92526
81.66748,64.45832,79.6044
81.981155,64.770615,79.55624
82.27057,64.42084,80.03284
81.787285,64.88494,79.28343
81.935265,64.254,79.469635
82.491,64.7181,79.713135
82.19146,64.65572,79.40939
81.968765,65.2333,79.40087
82.23074,64.826,79.69484
82.026245,64.89368,79.70504
82.0525,64.74498,79.66947
80.8934,64.40141,79.66011
81.76404,64.558876,79.92567
81.95984,64.47671,79.80815
81.21186,64.72818,79.61048
82.151665,64.716675,79.260216
81.38257,63.789318,79.68804
81.40317,64.49516,79.54659
81.2644,64.473915,79.46394
81.654175,64.3548,79.463776
82.255516,65.03971,80.01386
81.70771,64.500885,79.73839
81.68858,65.039085,80.011696
82.820625,64.541794,80.01115
81.76739,64.389946,79.99776
81.69767,64.52354,79.7766
81.41374,64.85017,79.49283
81.69331,65.11213,79.66397
81.93978,64.44249,80.043
81.26552,64.27175,79.641426
81.705345,65.0931,79.49234
81.81227,64.54517,79.90752
82.104,65.0433,79.757706
81.267815,64.55479,79.34205
82.13499,64.53014,79.833244
82.161644,64.457756,79.75124
81.89697,64.91919,79.547615
81.97269,64.62763,79.982864
81.59076,64.62933,79.59563
82.14008,64.3103,80.0189
82.003006,64.38194,79.944336
81.46173,64.786644,79.45162
81.583275,64.688866,79.84038
81.71122,64.87012,79.67255
82.13841,64.92731,79.86621
81.70643,64.44924,79.24873
81.60326,64.17671,79.55366
82.765236,65.494064,79.66649
81.87126,65.07406,79.263245
81.58976,64.83489,79.551865
82.373276,65.33817,79.91694
81.51811,64.96441,79.93227
82.022575,64.23174,79.80101
81.95891,64.8027,79.544106
81.952835,64.81374,79.673996
81.9974,64.15028,79.91752
82.08716,64.723236,80.12177
81.68424,64.58666,79.65356
82.137245,64.80524,79.950134
82.05072,65.00057,80.131714
82.23638,64.852165,79.44775
82.501205,65.081116,79.89009
82.19987,64.63462,79.51802
82.3572,65.19386,79.46857
82.50248,65.153625,79.55385
82.41129,64.338326,79.61784
82.097824,64.99035,79.72885
81.96418,64.64607,79.96343
81.73458,65.12167,79.84441
81.56636,64.40515,79.44273
81.93966,64.76873,79.82389
82.784645,65.02037,79.64986
82.31149,64.03374,80.30788
82.02416,64.35965,79.86745
81.79039,64.02808,79.90351
81.72058,64.52033,79.95342
81.83329,64.47399,80.16025
81.19068,64.39582,80.04216
81.59107,63.67921,80.17005
81.929276,64.759094,79.94147
81.33601,64.244736,80.04016
81.147194,64.75591,79.60839
81.531624,64.551506,79.740845
81.57488,64.867645,79.97348
81.38705,64.84565,79.8908
81.5447,65.1306,79.51407
81.69083,64.734406,79.56478
81.59143,64.60462,79.92138
81.563446,64.3934,79.75029
81.36109,64.65115,79.61834
81.42374,64.669586,79.33293
81.69897,64.93785,79.40964
81.67088,65.21607,79.26019
82.11378,65.15628,79.65812
81.86345,64.207214,79.55406
81.197266,64.033775,79.349655
81.78332,64.929596,79.81462
81.59885,64.96497,79.78642
81.63503,65.398125,79.281784
81.52876,65.04688,79.620636
81.54324,65.01549,79.41508
81.61449,64.96174,79.35438
81.27217,63.7827,79.4706
81.676125,64.35579,79.59493
81.735085,65.210335,79.1567
81.67105,63.522007,79.89302
81.55813,63.73149,79.96893
80.88285,62.909943,80.17214
81.22406,62.572968,79.77748
81.35082,63.61899,79.97114
81.6039,63.007465,79.75465
81.951294,63.821762,80.052414
81.70272,62.94466,80.11129
81.54949,63.521233,80.1486
81.02948,63.645115,79.78547
81.61005,63.297054,79.63554
81.38313,63.51316,79.99954
81.421455,63.341446,79.59845
81.26858,63.972263,79.912895
81.4731,63.352955,80.199905
81.5594,63.730225,80.00709
81.45685,63.223335,79.93641
80.65388,63.466248,79.428505
81.685,63.599422,80.41663
81.04444,63.54136,79.71637
81.48079,65.187096,79.64833
81.767395,64.40992,79.25047
81.61871,65.10484,79.60034
81.33376,64.66728,79.72086
81.70176,65.00023,79.22166
81.54491,64.29931,79.07847
81.729546,65.17492,79.202545
81.69314,64.60455,79.97634
81.441895,64.45104,79.1003
81.71999,64.776596,79.32874
81.6188,64.59827,79.60425
81.726265,64.73599,79.6776
81.67486,65.10423,79.70057
81.59461,64.6366,79.47981
82.30578,64.1458,79.66315
82.28913,64.88067,79.56913
82.11884,64.589325,79.476364
81.81467,64.27084,79.724014
82.006294,64.43163,79.56877
81.54178,64.641,79.52864
81.68239,65.14917,78.72626
82.31404,65.24833,79.7063
82.2403,64.82956,79.64549
81.60202,64.7406,79.49372
81.42884,65.054596,79.05635
82.74008,64.6662,80.020874
81.36453,64.8006,78.75034
82.07585,65.31416,79.874695
82.043655,64.840485,79.567795
82.23103,65.13992,79.73037
81.38289,63.466614,79.59035
81.380135,63.36661,79.74863
81.66231,63.167526,80.01665
81.59807,63.54533,79.96525
81.06341,63.500717,79.498085
81.601845,63.382877,80.1133
80.967415,63.978596,80.1253
80.6965,63.397804,79.662636
81.48035,63.378853,80.11587
81.286804,63.097885,79.99045
81.83213,63.553596,79.95764
81.36237,63.518684,80.156456
81.22425,63.358303,79.71158
81.1461,63.42512,79.513
81.91366,63.964413,80.273964
81.389015,64.0917,79.540115
81.345276,63.526825,79.846565
81.61025,63.43493,80.039734
81.184235,63.31575,80.05166
81.512375,63.623898,79.80917
81.507,63.78084,79.81891
80.94355,63.50088,79.61288
80.99668,62.86094,79.86073
80.78618,63.624924,79.70225
81.46252,63.145603,79.745056
81.726845,63.91874,80.0076
81.741615,63.78712,80.188286
81.794304,63.154057,79.74213
81.50796,63.771492,80.29378
81.66584,63.562622,79.71906
81.0558,63.38327,79.70607
81.655754,63.507343,80.45303
81.59414,63.284145,79.962814
81.32767,63.566998,79.77882
81.276245,63.28748,79.73816
81.361084,63.642036,79.39868
80.46285,63.503063,79.33503
81.85441,63.43033,79.990524
80.91962,63.52442,79.575775
81.543106,63.52604,80.23239
81.44441,63.636856,79.87218
81.266235,63.466167,79.976814
81.398575,63.60364,79.91918
81.2291,62.62513,79.818146
81.21388,63.857044,80.074486
81.86517,63.673687,79.82486
81.64054,64.0458,79.91808
80.920265,63.527203,79.69915
80.89963,63.32153,79.4019
80.74749,63.43454,79.60381
81.13151,63.976772,79.85036
81.03903,63.51613,79.712036
81.04057,63.767506,79.86523
81.664894,63.285862,80.17053
81.45287,63.739338,79.593994
80.98946,63.870403,79.516335
81.267914,63.130672,79.94072
81.657036,63.89528,80.133026
81.31583,63.46336,80.04834
82.07482,63.54656,79.959816
81.213936,63.683674,79.9066
81.28266,63.18398,79.91488
80.90454,63.476406,79.546364
81.04699,63.32894,79.621124
81.13951,62.998287,79.80711
81.813675,63.792423,79.64482
82.49304,64.26741,80.00806
81.4736,64.46065,79.77016
82.06283,64.29647,80.00504
81.50616,63.182716,80.03996
81.62004,63.94494,80.305595
81.73029,64.23465,80.175446
82.120346,64.18325,80.092674
81.255165,64.25884,79.57507
82.05348,63.798683,80.05583
81.82875,63.97854,80.05904
82.57965,66.01284,78.97713
82.0381,66.03064,79.115265
82.39903,65.63598,79.26153
82.34428,66.46,78.93793
82.343414,66.1345,79.06924
82.53854,65.90819,79.10127
82.4555,66.570175,78.75958
82.44691,66.09858,78.9865
82.62255,66.63129,78.89488
82.49936,66.12712,78.47689
82.38119,66.1467,78.66747
82.48138,65.93186,78.82362
82.19655,66.52927,78.29232
83.22912,66.31719,79.17679
82.526215,65.770775,79.14734
82.507935,65.61455,79.0371
82.77651,65.73642,79.30526
82.63964,65.48285,79.29345
82.692894,66.00974,79.04558
82.35349,65.42516,79.955986
82.23674,65.36228,79.36111
82.99725,65.71614,79.31294
82.41239,65.64259,79.11476
82.47262,65.45672,79.25124
82.26523,65.37055,78.82207
82.53874,65.858345,79.717384
82.77906,65.46165,78.683784
82.43159,65.816025,78.44699
82.33414,65.648834,79.08867
81.6451,66.4903,78.684265
82.93382,66.0963,78.85365
82.532814,65.90028,78.895424
83.049446,65.97727,79.09701
82.393074,65.73895,78.78837
82.57092,65.9079,78.888466
83.211945,66.09316,79.0988
82.187996,65.52647,78.67618
82.0198,65.80433,78.75459
82.371376,65.801056,78.601135
82.49911,66.35489,78.486664
83.03873,65.456276,79.1757
82.31697,65.666885,78.678314
82.54023,66.021935,78.636055
81.97025,65.87811,78.325035
77.74224,63.908733,71.01858
78.00944,63.914597,71.16714
78.969185,63.964554,71.37018
78.176895,64.0692,70.39859
78.227554,63.431305,71.41969
77.88104,63.63768,71.11328
78.33206,63.818836,71.07407
78.10213,63.89957,71.024185
79.03202,63.517048,71.93256
78.28602,63.964046,70.908264
78.66935,63.780537,71.68471
78.17665,63.73683,71.47983
78.11922,63.930912,70.77431
78.03156,64.149284,71.221054
77.96175,63.70635,71.08055
78.56497,63.96426,70.77691
78.55807,63.757484,71.529045
78.494064,64.15013,71.18338
78.01532,63.981796,71.162926
78.28153,63.57834,71.53156
78.07452,63.759457,71.069244
78.020836,63.6997,71.25209
78.493256,64.235664,70.986244
77.80373,64.26787,70.98563
78.92292,63.97497,71.661446
78.0608,64.39601,70.81636
78.12274,64.23636,70.76147
78.23641,64.16201,70.97409
78.54679,64.30846,71.16469
78.64385,63.887913,71.18465
78.428566,63.541958,71.42529
78.14095,63.844967,71.85564
78.3369,64.24062,71.60588
78.006065,64.64314,70.628174
78.20705,63.91168,71.8848
78.20012,64.28092,71.5641
78.28457,63.93293,71.95249
78.17145,64.055,72.14812
77.98086,63.919163,72.0272
78.12073,64.0622,71.61113
78.06192,63.89903,72.08417
77.803795,64.220634,71.887146
77.75519,63.85006,71.790474
78.44765,63.76818,72.13261
78.37402,63.440437,72.21389
78.37509,64.30137,71.94395
78.66025,63.70221,72.50025
83.94868,65.83557,77.71269
78.1979,64.50668,70.90894
78.09545,64.250305,70.98693
77.76907,63.710155,71.29207
78.53524,63.805668,71.753555
78.32098,63.98514,70.82687
78.26408,64.482056,71.58002
78.0517,64.50963,71.50163
77.773575,64.73839,70.737015
78.10181,64.77434,71.16588
78.17911,64.42576,70.931564
78.239174,64.19711,71.38159
78.7,64.0542,71.5746
78.2212,63.930794,71.97288
78.52161,64.04715,71.360176
78.044014,64.21671,71.25542
77.85136,63.875362,71.14488
77.95966,64.35656,70.548965
77.80086,64.342545,71.123634
77.67644,64.08246,71.84006
77.52364,64.39453,71.306694
77.96727,64.04305,70.819214
78.02261,64.38871,70.668106
78.40964,63.93793,70.61586
78.37255,63.827,71.55678
78.5777,64.59369,70.82532
78.21923,64.31533,71.477875
78.617355,64.121605,71.067924
78.51028,64.15066,71.2274
77.824036,64.127144,71.48788
78.15758,63.899544,71.37262
77.91695,64.28581,70.95445
78.528175,64.64253,71.31261
78.59596,64.25804,71.50991
78.76722,63.926384,71.69934
78.503944,64.46896,71.75239
78.0713,64.29187,71.28855
78.7704,64.10498,71.939644
78.261604,64.29421,71.48875
78.57816,64.3813,71.12305
78.58267,64.412796,71.469246
77.9596,64.19749,71.168465
78.27288,64.55607,70.35462
78.204445,63.61378,71.39086
78.292755,64.549904,71.27102
78.02537,64.86638,71.318474
78.14005,63.85089,71.23077
78.752144,64.23648,71.46974
78.81103,64.32027,71.44117
78.761345,64.281456,71.93072
78.72437,64.322845,71.450195
78.48191,63.999683,71.887314
78.236984,65.05254,70.99034
78.31384,64.28733,71.136055
78.10864,65.65734,70.830505
78.30854,64.34401,71.63645
81.35845,63.089005,70.004654
80.07405,65.756546,71.307495
79.92669,65.72086,71.864204
80.23738,65.38577,71.05095
80.17239,65.61467,71.41768
80.018295,65.79704,71.743324
80.162155,66.05492,71.486404
80.321205,65.6293,71.26302
80.28328,65.699936,71.31115
80.00225,65.655785,71.30169
80.436485,65.84244,70.83936
80.03928,65.496925,71.09491
80.134285,65.80691,71.31479
80.416405,65.897606,71.322975
80.277565,65.80781,71.34675
80.19146,65.76537,71.39525
80.3155,65.76725,71.9212
80.438515,66.095825,71.62319
80.349625,65.74088,71.426796
80.32335,65.769356,71.55484
80.24709,65.79923,71.628654
80.40579,65.752884,71.32569
80.18642,65.45944,71.263214
80.56717,65.818344,71.147995
80.559425,65.86492,71.21531
80.24497,65.88641,71.371704
80.40222,65.76653,71.30953
80.60016,65.807144,71.23096
80.28052,65.70066,71.11536
80.26679,65.55099,70.39107
80.29671,65.48045,71.453835
80.22999,65.58682,71.37299
80.37511,65.86423,71.95637
80.17168,65.78202,71.43559
80.24583,65.99863,71.63415
80.1444,65.74306,71.18467
80.23604,65.73586,71.2705
80.34213,65.39199,71.4962
80.525505,65.73091,71.04231
80.78942,66.21077,70.95163
78.21778,63.63926,71.77585
77.62601,64.18722,71.723816
78.44525,63.87219,71.99023
78.44839,63.750633,71.557594
78.120544,63.780506,71.849594
78.228096,63.699116,72.16899
78.756836,63.535152,71.775764
78.49452,64.358795,71.97654
78.561806,63.760426,71.687164
78.669525,63.777733,72.53055
77.88962,64.11432,71.21451
78.18012,63.779953,71.65463
78.29273,64.17019,71.854385
78.09008,63.71638,71.83098
78.59838,63.650448,71.96272
78.09519,64.11375,71.68771
78.517365,64.03424,72.08101
77.904785,64.09142,71.41227
77.97585,63.95674,72.05582
78.23458,63.819298,72.009415
78.62405,63.88397,72.24247
78.05269,64.09351,72.08817
78.092,63.900917,72.24986
77.82925,64.284615,71.19399
78.29906,63.453686,71.61343
78.06482,64.31448,70.568726
77.76079,64.34666,70.95504
78.187126,64.18516,71.16134
78.4235,63.681953,71.91828
78.06694,63.854336,71.030396
77.914154,63.704655,71.35606
78.445404,64.30869,71.38184
78.22969,64.120575,70.569885
78.5108,63.721825,71.67327
78.22043,64.398865,71.70451
78.32632,64.08729,71.73009
78.20921,64.075066,71.29144
78.12834,63.981995,71.57245
78.40156,64.18208,71.76613
78.18896,63.94546,71.06379
78.02326,63.863407,71.32253
77.83958,64.41289,70.85206
77.79021,64.25561,70.73645
78.42321,64.04363,71.79741
78.60212,63.869255,71.5204
78.14089,64.25937,70.986244
78.44815,64.097275,71.34242
76.49268,67.27069,72.57025
76.2406,66.35932,71.984726
76.31733,66.7786,72.01509
76.15237,66.217354,72.50088
76.33152,66.88192,71.870285
76.04865,67.20278,72.69949
76.09904,66.93636,72.96818
76.03513,67.195564,73.42543
76.39214,66.692604,72.74707
76.224495,67.359116,72.80792
78.18775,63.74256,71.12111
77.99839,64.21143,70.950005
78.35326,64.31994,70.70226
78.31281,64.61774,71.6098
78.16802,64.20414,71.17866
77.90174,64.45221,71.303345
78.057434,64.15863,71.04403
78.42736,63.999767,71.156364
78.341545,63.49161,70.7673
78.37626,64.111115,71.038765
78.23727,64.11195,71.10783
78.61694,64.04771,71.76027
78.07409,63.50797,71.55971
78.67599,64.30983,71.34407
78.22901,64.30703,70.72683
78.02645,64.2074,70.73062
79.07509,63.551075,72.46072
78.34988,64.174995,71.60618
78.500435,64.23621,71.224464
78.48992,63.849712,71.687805
78.293045,63.807045,71.95243
78.16011,63.994053,71.41214
77.940414,63.89081,71.261444
78.3967,64.11839,70.876656
78.66733,63.98469,71.6565
78.26402,63.633728,71.94637
78.01798,63.534885,72.00991
78.26665,63.803333,71.62339
78.59366,64.16092,72.444435
78.1261,63.858047,72.023384
81.13278,63.112453,70.66023
80.25229,65.756744,71.58384
80.28894,65.455284,71.54172
80.28548,65.47565,71.05851
80.35364,65.39794,71.53351
80.33136,65.926506,71.0684
79.99482,65.847824,71.28888
80.077194,65.507324,71.20067
79.909515,65.433266,71.50323
80.10615,65.82545,71.50058
79.9489,65.36251,71.39711
79.9536,65.75679,71.346016
79.7887,64.6944,72.11539
80.09134,65.686356,71.71234
80.43937,65.72215,70.97971
79.92136,65.1727,71.598785
80.06813,65.266754,71.236145
80.346924,66.13225,71.28944
80.49213,66.12428,70.936264
80.32033,65.754684,71.38094
80.33604,65.708885,71.27362
80.11448,65.17947,71.25451
80.57886,65.68408,71.28029
80.03695,65.35339,71.333954
80.29539,65.61816,70.92795
80.64007,65.77191,71.5178
80.15489,65.37943,70.94933
75.90863,66.813614,73.10618
78.46428,64.108376,71.14306
78.24579,64.37545,70.71147
77.915695,64.29022,71.168396
77.98605,64.59146,70.98063
78.17941,63.61693,71.86141
77.8959,63.83154,71.618935
78.18724,64.219124,70.309166
78.41919,64.24334,71.76999
79.32772,63.747692,72.19848
78.27028,63.699043,71.59113
75.98637,67.01709,73.22151
75.82338,66.8511,73.08622
75.624115,66.97646,74.24088
75.74611,66.71488,73.65921
75.83187,66.7553,73.52113
75.93724,67.0787,73.33065
75.822105,66.84938,72.78921
76.066826,66.467155,73.263466
75.875175,66.92523,72.972694
77.74449,64.5445,70.7655
77.97385,64.30496,70.80648
75.76576,66.43899,72.80934
76.72212,66.122894,71.62821
76.07863,67.17676,72.58244
76.10616,66.69154,73.06064
76.047874,66.87217,73.2401
75.883705,66.8606,73.276436
76.03289,67.152855,73.50288
76.51772,67.059975,72.33667
76.392914,67.08802,72.55193
75.73435,67.37385,73.509605
75.99407,67.02243,72.88185
79.04003,63.261497,72.675606
78.11641,64.367195,71.264755
78.23647,64.06309,71.250244
77.95025,64.38623,70.94643
78.199814,64.247986,70.63391
78.27154,64.33529,70.64444
78.09056,64.42497,70.880135
78.10847,64.41044,70.96563
78.17469,64.40907,70.38342
78.41615,64.23626,70.91602
78.500435,63.75609,71.466675
78.86643,64.0128,71.78045
78.2654,64.18869,71.32452
78.06678,63.69851,71.73314
78.39868,63.9304,71.01411
77.92764,63.991425,71.75089
78.51889,63.96865,70.84468
78.68145,63.621483,72.617714
78.04091,63.786026,71.454926
78.01676,64.28159,72.16098
78.815674,63.643246,71.97343
78.374825,64.01652,71.6151
78.30874,63.75991,71.251274
78.02693,63.535423,71.98907
77.76815,64.139145,71.83349
78.33979,63.765636,71.349846
77.91118,64.00874,71.0983
78.16214,63.836708,71.770294
77.82682,64.665306,72.02657
78.18444,64.230225,71.831024
78.095604,64.04783,70.96423
77.76283,64.12262,71.136246
78.14873,64.26792,70.87685
77.8603,63.990707,71.363945
80.01488,65.32371,71.376656
80.50187,65.347336,71.049614
80.10866,65.71688,71.46956
79.96882,65.45309,72.07681
80.14769,65.49705,71.69501
80.52706,65.84697,70.912834
80.29109,65.530334,71.4428
80.206696,65.97751,71.0921
80.290016,65.44176,71.59428
80.16872,65.89101,71.158775
80.17297,65.75426,71.67295
80.13627,65.7552,71.6
80.19348,65.64241,71.54443
80.30508,65.61578,71.783295
80.44148,65.55717,71.311714
80.10709,65.04153,71.35432
80.294785,65.77315,71.48715
80.35519,65.68476,71.35987
80.280846,65.89838,71.507484
80.2525,65.64193,71.53391
80.28527,65.712814,71.44557
80.4679,65.64219,71.15073
80.15529,65.30694,71.60396
80.36618,65.735344,71.43777
80.07085,65.50556,71.1751
80.04737,65.69245,71.63055
80.13561,65.679375,71.42565
80.3566,65.74638,71.511765
80.297035,65.814644,71.29518
80.34338,65.192314,71.57728
78.331276,63.939205,71.370995
77.68406,64.32331,70.83001
78.15883,64.18166,71.42972
78.18013,63.88301,71.3959
78.31219,63.92754,71.55226
78.23517,64.23043,70.9876
78.64269,63.864967,71.489876
78.13742,63.844917,71.314705
78.20698,64.077354,70.98751
83.5642,64.000305,78.1731
83.205864,66.6434,77.45642
83.32107,66.5734,77.53884
80.73416,64.385315,70.28982
80.73533,66.18254,71.24518
80.310875,65.93125,71.57337
80.941505,66.18728,71.80953
80.49946,65.82155,71.34921
80.35978,66.0563,71.962
80.52704,66.2664,72.044334
80.84706,66.27638,71.50693
80.33479,65.813896,71.924416
80.548325,66.15331,71.60919
80.76371,65.80708,71.33912
80.70236,65.96281,71.41303
80.61592,65.673004,71.54425
80.4691,66.1289,71.78845
80.843925,66.073654,71.55871
80.52974,65.94474,71.88886
80.9116,66.036934,71.61271
80.74901,65.843796,71.25677
80.50221,65.89377,71.9522
80.668274,66.15697,71.754295
80.58834,66.50391,71.72743
80.48475,65.976036,71.899254
80.4991,65.80228,71.4858
80.55864,65.668526,71.26783
80.42666,65.55644,71.63147
80.62893,65.819695,71.6318
80.41746,65.83716,71.96847
80.53717,66.07023,71.653114
80.593575,65.81665,71.52207
75.87771,66.40406,72.550186
76.732635,67.15387,72.26166
75.46097,66.34618,72.99309
76.13461,67.0982,72.85033
75.70771,66.98689,73.01814
76.16516,66.63506,72.95521
75.8093,66.139496,73.497894
75.6422,67.16239,72.81329
76.42907,66.89643,72.659706
75.924095,67.60803,73.20729
75.6847,67.61918,72.98983
77.70728,63.8479,70.69489
78.30504,63.522118,72.21396
77.963585,64.021,71.60882
78.43963,63.764904,71.27945
78.183495,63.83912,72.0371
78.93952,63.360447,72.36952
78.56297,63.635845,72.03217
78.41296,63.92354,72.56509
78.17897,63.542473,72.061455
77.83664,63.8256,72.70114
77.949005,64.15637,71.806076
78.300575,63.691467,72.015594
78.23703,63.978516,71.982765
78.36365,63.577053,71.963234
77.99532,64.12543,71.9571
78.5427,63.605267,71.65443
78.50521,63.526276,71.43458
74.85281,65.93501,74.27091
78.16298,64.30259,71.79559
77.83496,63.807117,72.05043
78.3805,64.16752,71.046585
78.17485,63.856335,71.604385
78.28143,63.681183,71.38673
77.95584,63.651592,72.06433
78.15686,63.788975,71.411575
77.92872,63.8515,72.03657
78.304504,63.90909,71.52689
77.46063,64.459656,71.483536
77.922516,63.885902,71.461105
78.149826,63.803318,71.88775
77.78738,63.797256,71.316696
78.58985,63.665245,72.118546
78.14116,63.835476,72.1777
78.411514,64.05982,71.28946
78.46991,63.546852,71.683205
78.370415,63.790974,72.3293
78.56911,63.572662,71.95522
78.3443,63.791588,71.89448
78.4456,63.863514,71.61801
78.21399,63.712757,71.79656
78.78306,63.71548,72.17064
78.284035,64.387924,72.15255
78.10737,63.636227,71.37807
79.1749,63.35353,72.30541
78.24513,64.54155,72.21603
78.093704,63.885746,72.0467
78.41433,63.723873,71.29196
78.083466,63.96203,71.94097
78.29392,63.66693,71.557594
78.07648,64.30794,71.40244
78.52162,63.82857,71.73234
78.56015,63.761017,71.818794
79.02932,63.30643,71.86698
81.28449,63.55755,70.426994
78.18384,63.69383,71.86363
78.578995,63.97311,71.76696
78.400955,63.77623,72.012856
78.036644,64.15992,72.25214
78.231735,63.924812,72.123276
78.33772,64.03756,71.58642
78.491745,63.764313,71.69164
78.68955,63.821167,71.74739
78.7358,63.647636,72.166695
78.71832,64.02801,71.89292
78.35355,64.02539,71.55743
78.066315,63.850506,71.7075
78.29487,63.917397,71.53557
78.58195,63.729977,72.342155
77.8921,63.949917,71.19155
78.40435,63.61578,71.61472
79.273994,68.05621,72.344505
78.8991,68.01526,72.55996
78.585396,67.75761,71.954315
75.46302,66.60041,72.86307
75.97523,67.12053,72.385345
75.80065,67.03829,73.279274
75.66213,66.356316,73.02056
76.6563,66.96388,71.87093
76.42592,66.85509,72.388115
75.56262,66.54303,72.9169
78.11796,63.831028,71.27779
78.21966,63.643562,71.11012
78.26732,63.831005,71.10426
78.7563,63.859715,71.33063
78.00965,63.789257,70.67064
78.5001,64.540855,70.25289
78.2181,63.9141,71.561356
78.49702,63.845436,71.08733
77.691475,64.35535,71.090904
78.39837,63.96408,71.25088
78.218376,63.72742,71.66605
77.94253,64.08838,71.4166
78.0038,64.36834,70.660126
78.88551,63.706654,72.04795
77.9855,64.04935,70.41379
78.55639,63.61906,72.01456
78.08146,63.587418,71.28467
78.30085,63.81093,71.607834
78.39834,64.0963,71.73106
78.40302,63.4873,72.20826
78.47051,63.62367,71.64053
78.31728,64.40775,70.90601
78.34069,63.966198,71.28785
77.65002,64.33598,70.98747
78.3358,64.62191,70.48574
78.00048,64.178856,71.26874
78.38853,64.039566,71.33385
78.1253,64.24683,70.7453
78.5154,63.649883,71.845985
78.446266,63.764687,71.96663
78.485176,63.76167,71.697174
77.78525,64.2193,71.40184
77.858894,64.68758,70.69559
78.14444,63.905407,71.680016
78.28389,63.768646,72.22738
80.52256,66.13084,71.34247
80.53164,66.10116,71.42061
79.95289,65.348076,71.54763
79.562004,65.40025,71.774574
80.4211,65.747345,71.17995
80.03153,65.59409,71.6117
80.164925,65.67619,71.72047
80.13571,65.5293,71.27126
80.43569,65.7809,71.7868
80.10746,65.46536,71.37503
80.126465,65.77841,71.42512
80.247635,65.72582,71.14389
80.33185,65.70576,71.621475
80.5185,65.771,71.05774
80.593666,65.73858,71.3316
80.05841,65.577736,71.405334
80.043724,65.63546,71.03359
79.913345,65.71752,71.846
78.34668,63.95638,71.976746
78.01343,63.98344,72.04186
78.19413,63.750366,72.08469
77.96922,63.95198,71.350426
78.07824,63.717476,71.71214
77.883316,63.88766,71.66525
78.48176,63.536785,72.29369
78.590775,63.943787,72.23642
78.25069,63.961887,71.953445
78.3653,63.669754,72.31728
77.90203,63.707245,71.37078
78.57564,63.922916,71.957146
78.05563,63.69377,71.463684
78.45051,63.886253,72.01633
77.90508,63.91959,71.262794
78.44812,63.889008,71.78161
78.298805,63.678356,72.45227
78.116875,63.66129,72.08447
77.85347,64.04988,71.21882
78.296555,63.649906,72.57924
78.36293,63.783447,71.840225
78.22059,64.07566,71.05596
78.68926,63.51506,71.86535
77.961205,64.10896,71.21729
78.22989,63.79035,71.95196
78.11734,64.1493,71.85307
78.03252,64.17421,70.7607
78.14615,64.62922,70.611664
78.58021,64.38669,71.47087
78.09609,63.889797,71.577225
78.14817,64.17711,71.30216
78.260284,64.15639,71.531105
78.374374,64.35939,70.699394
77.936195,64.315254,70.85667
78.365746,63.733723,72.49081
78.41085,64.04075,71.69821
78.81431,63.58001,72.05059
78.12939,64.09361,71.23144
78.439964,64.00823,71.554306
78.61544,63.685925,71.983116
78.305016,64.058205,70.396675
78.08213,64.05785,71.91504
78.6795,63.65326,71.32438
78.07626,63.981697,71.84001
78.206604,63.63987,72.082184
78.13617,63.56286,71.79125
78.781265,63.775272,71.93072
77.60464,64.29058,71.67365
77.92651,63.6102,71.12294
78.09543,64.02714,72.37162
78.02513,64.15178,71.50507
78.13478,63.870304,71.83856
78.22545,63.705845,72.28239
76.83002,64.73351,73.49547
78.17253,63.947815,70.888214
78.38588,64.20126,71.30885
77.566444,64.00205,71.213036
78.37044,63.563835,72.0494
78.34383,63.818466,71.17913
78.068886,63.886253,70.84232
78.07858,64.14866,71.58994
77.8603,64.38312,70.8627
78.16626,63.832253,71.39374
78.574745,63.632816,71.695274
78.29552,63.76318,71.71339
78.36545,63.870243,72.0074
78.09307,64.17236,71.77759
78.21616,63.931637,71.288666
78.5062,63.571392,71.57015
78.39324,63.97492,71.26778
78.511116,64.04673,71.86947
78.37241,63.71896,71.98249
78.41829,63.658092,71.98597
78.616554,63.98157,72.030334
78.56965,63.956142,71.44553
78.37787,64.05806,71.28623
78.13134,63.79674,71.75698
78.67921,63.96785,71.77091
78.633316,63.561893,72.08454
78.362434,64.0579,71.05774
83.53744,63.836857,78.33204
75.95903,66.45892,73.19162
76.07269,66.67258,72.81505
75.98656,66.56344,73.153595
76.47456,67.36504,73.293274
76.602646,65.93122,71.71788
76.1567,66.97674,73.01556
75.76018,67.01555,73.801765
75.76152,66.382835,72.82198
75.25557,66.131775,73.53991
75.72103,67.1024,73.73403
75.86173,66.347855,73.26559
77.468056,67.559425,72.6429
76.504395,67.46031,73.38155
75.842834,66.5036,73.12579
80.644714,66.08077,71.55054
80.73254,66.03274,71.08379
80.29495,65.26254,71.94085
81.00703,65.95289,71.83265
80.34927,65.68503,71.63504
80.81515,65.74883,71.60831
80.561195,65.92991,71.515274
80.2729,65.48774,71.83904
80.224335,65.69901,72.16726
80.50636,65.87082,71.611725
80.37129,65.635284,71.91062
80.24629,65.43629,72.13997
80.249626,65.94473,71.838554
80.23618,65.44443,71.942894
80.40181,65.8788,71.543655
80.39684,65.66411,71.36187
80.29951,65.60042,71.238976
80.574104,65.41191,71.08474
80.375435,65.489784,71.40875
80.098526,65.581375,71.34782
79.97832,65.69913,71.57481
80.12913,65.438416,71.74078
80.31066,65.43587,71.01168
80.40929,65.674576,71.0814
80.265495,65.65538,71.19828
75.541214,66.63976,73.18634
75.691536,66.87093,73.16616
78.11995,63.827183,71.73972
78.10821,63.68409,71.47911
78.42036,64.560616,71.18421
78.02268,64.54093,70.81092
78.5822,63.731388,71.809425
78.08525,63.69057,71.74894
78.462296,64.13929,71.08531
78.61919,63.596626,72.20043
78.569145,63.536255,71.83001
78.89877,63.43811,71.621956
78.06708,63.83109,71.27779
78.356255,64.159386,71.42775
77.76861,64.274445,70.591354
78.526245,63.669735,71.5977
78.36202,63.638165,71.74294
78.34578,63.555065,71.675674
78.44025,63.444904,71.51752
78.225716,63.719776,71.072205
78.5141,63.897438,70.51453
78.624886,64.146545,70.404274
78.359856,63.769234,71.590706
78.40188,63.92346,71.379974
78.12184,63.78071,71.88234
78.244804,64.13949,71.180756
78.29669,64.03808,70.9032
78.60609,64.0912,70.244774
78.01613,63.86213,70.95625
78.35017,63.9039,71.53078
75.84383,66.92834,72.9329
75.60016,66.5604,72.96982
75.83759,66.75727,73.125046
75.561295,66.55523,73.178246
75.94485,66.6865,72.98483
76.02742,67.18848,73.264046
76.01198,66.75468,72.53517
75.892334,66.244225,73.02902
75.74415,66.42166,73.21104
75.69308,66.672,72.79697
78.57119,63.866714,71.467354
78.41602,63.9526,71.579185
77.88345,64.2245,71.448204
78.52779,64.01272,70.892876
78.212036,63.991272,71.511444
78.41622,64.00369,71.54
75.520706,66.52007,73.63203
75.68468,66.30062,73.16421
75.52536,66.4647,72.96355
75.32637,66.56486,73.12718
77.44766,67.52882,72.33013
76.16325,66.15152,72.663445
75.83886,65.98051,73.08973
75.63567,66.71691,73.29816
75.8028,66.29597,73.38174
75.76684,66.51281,72.86644
75.65104,67.07838,73.058174
75.69893,66.79113,73.4468
76.4588,67.628685,73.52957
75.40935,66.8688,73.643036
75.613754,66.94537,72.96075
75.9908,66.8556,72.84072
76.18583,66.90467,73.35542
76.66082,67.6292,73.77103
77.02687,67.53683,72.68719
75.18037,66.47236,73.299866
75.88978,66.56076,72.84203
75.991356,66.91346,73.15166
75.88407,66.66193,73.06203
75.928566,66.487434,72.86111
75.620125,66.34734,72.75831
76.0711,67.51366,73.06121
78.96129,63.732197,71.923134
78.41225,63.923206,71.18549
78.89518,63.791454,72.36488
79.62001,63.13361,72.083626
78.36957,63.940796,71.23733
78.15184,64.23319,71.1664
78.68015,63.542343,71.38837
78.63885,63.80887,71.454414
78.52109,63.567997,71.37177
78.17833,63.702534,71.25716
79.08066,63.751465,70.88011
78.31045,64.028595,70.66003
78.55268,63.67813,72.14556
78.107056,63.736477,71.46463
78.274124,63.780468,71.59254
78.17232,63.840164,71.55428
78.74322,63.444225,72.14639
78.07956,64.413216,71.24142
78.36001,64.03625,71.6037
78.12971,63.705482,71.50993
78.424034,63.81198,70.87272
78.31129,63.9298,71.1554
78.14097,63.93899,71.2253
78.33718,63.906635,71.18826
78.66599,64.16506,71.71425
78.495445,63.937473,71.50894
78.38459,63.695507,71.53065
75.48793,66.58799,73.110214
76.105835,67.75511,73.15608
78.16533,67.407715,71.50277
75.404366,66.72159,73.32046
75.70686,67.00137,73.166824
75.55627,66.91056,73.00438
75.87718,66.47081,73.10676
75.572845,67.03649,73.06377
75.53292,66.59965,73.576256
75.52238,67.21138,73.69551
78.449104,64.075264,71.61176
78.89536,63.527336,72.0929
78.06611,64.1943,71.49635
78.40221,64.22931,71.11233
78.20004,63.989082,71.27232
78.66967,63.77595,71.60353
78.05025,64.36821,71.10391
78.24594,64.31027,70.84912
78.93843,63.60609,72.497086
78.47593,63.75527,71.99529
78.376816,64.161514,70.98178
78.456764,63.9684,72.1901
78.20548,63.632797,71.66728
78.10223,63.643295,72.01396
78.392334,63.62395,71.74163
78.48199,63.766933,71.69446
78.161194,63.97472,71.263374
78.79655,63.889866,71.70987
78.672005,64.270996,71.533295
78.805855,63.71715,70.985344
78.428085,64.276474,71.34871
78.348946,64.28506,71.57552
78.62809,63.709785,71.67002
78.16136,63.974045,71.37513
78.31552,63.904827,71.726265
78.48441,63.656845,71.26483
78.50168,63.31257,72.29736
78.106224,63.824722,71.52785
78.37186,63.76994,71.5144
78.68706,64.245346,71.10787
78.15864,63.55819,71.973755
81.24474,63.484535,70.18437
80.82269,63.795902,70.26879
78.15162,64.21348,71.0046
78.620094,63.608192,71.9296
78.58264,63.84691,71.776566
78.41762,63.73801,70.93775
78.576584,64.16325,71.09582
77.94888,64.52153,70.8847
78.7485,63.723824,71.67158
79.28055,63.96539,70.99044
78.910645,64.281166,71.4675
78.44774,63.969692,71.288635
75.68941,67.28982,73.34496
75.86712,66.424995,73.01439
76.04028,66.52149,72.97257
75.4415,66.73594,73.460785
75.23464,66.893585,73.32692
75.26536,66.65096,73.25698
76.19108,66.675285,73.1132
75.81374,66.21985,72.79352
76.20166,67.4363,72.75377
75.94925,66.48467,73.28134
78.52351,64.101685,70.86618
78.78432,64.15633,71.44674
78.69147,64.394394,71.27987
79.14,64.1476,71.24639
77.99911,64.24271,71.11557
78.85775,63.785572,71.50516
78.89622,63.783997,71.07554
78.37492,64.38101,70.99291
78.56542,64.02141,71.3026
78.266,64.015686,71.18654
78.83233,63.634174,72.11862
78.39222,63.70159,71.539925
78.26862,63.681534,71.496
78.17408,63.69,71.90612
78.13566,63.93165,71.604744
78.04078,64.38651,70.9857
79.05369,63.825558,71.49662
78.575005,63.8626,71.39404
78.21231,63.799778,72.29763
78.44961,63.94727,70.96771
78.214836,64.24854,70.7007
78.61883,63.684906,71.94566
80.15174,65.72441,71.13823
79.97954,65.45072,71.11013
80.05091,65.47984,70.90129
80.223,65.801796,71.46084
80.31044,65.630516,71.37529
80.52098,65.70522,71.16593
80.37776,65.52255,70.77923
80.160835,65.79019,71.128265
80.574646,65.82739,71.14483
80.3727,65.77973,71.19483
80.418945,65.502594,71.27688
80.249794,65.64324,71.345856
80.07043,66.01534,71.29579
79.58066,66.01657,71.95223
80.00865,66.01392,71.9351
78.654335,63.80008,71.743065
79.00138,63.607487,72.02046
78.32938,63.93028,70.97937
78.7194,64.363235,70.59798
78.31162,63.84443,70.20137
78.179115,64.23104,70.6763
79.0224,63.670036,72.195366
77.86289,64.28254,71.233406
78.83668,63.80512,71.44385
78.56199,63.975433,71.39792
78.272896,64.01363,71.38424
78.73648,63.952198,72.186874
78.37662,64.17762,71.89085
78.75749,63.457027,72.43012
78.35596,64.00515,71.31102
78.053055,64.00227,71.70113
78.042046,63.9272,72.034935
78.54314,64.12579,70.97
78.76507,63.803783,71.9062
78.4394,64.01061,71.17658
78.367645,63.608585,71.678795
78.49348,63.853123,71.97186
78.61951,63.69989,71.059616
78.48534,63.707317,71.89681
78.200874,64.04638,71.29876
78.56865,63.55543,71.94529
77.97121,63.834538,71.54564
78.45303,63.224014,72.3948
77.780815,64.147224,70.85027
78.32627,63.83752,71.601715
78.46766,63.461643,72.096016
77.98639,63.917717,71.395004
78.36065,63.727108,72.40028
78.259026,63.569775,72.167946
78.64799,63.69042,72.3526
78.66062,63.977314,70.88813
78.18877,64.325775,70.88729
78.11125,64.50007,71.09301
78.22862,64.123055,70.01935
77.90737,64.375244,71.32918
78.44112,63.80645,71.78387
78.2373,64.01965,71.20599
78.203476,64.41183,71.30085
78.17357,63.969414,71.15178
78.79679,63.765026,71.887115
78.31425,64.063385,71.10564
78.53569,64.22052,71.49448
78.67092,63.66619,72.28032
78.65785,63.79398,71.40744
78.412704,63.18567,72.07294
78.53817,63.48847,72.053665
78.79023,63.533295,72.20484
78.56268,63.730873,72.0182
79.07177,64.104,71.89899
79.02431,63.32596,72.779976
79.04017,63.33817,72.21316
78.92855,63.37586,72.16838
76.29313,67.02287,72.70235
78.86982,67.956375,71.91781
76.59428,66.596275,71.38517
78.74225,63.804153,72.13275
78.82495,64.30261,71.425385
78.50007,64.31763,71.61668
79.16274,63.58795,71.33984
78.82559,63.94456,70.93152
78.443886,64.20687,70.9686
78.08741,63.9176,71.34379
78.59996,64.32748,70.21937
78.459335,63.616077,71.730125
78.38058,63.660824,71.493324
78.34791,64.15173,71.06856
79.31077,63.39775,72.15724
78.63456,64.418205,71.75132
78.763084,63.67812,71.26825
78.14113,64.281586,72.13166
78.31706,64.295,70.977036
78.47574,64.15482,71.69806
78.87832,63.5754,72.171196
78.262856,64.16222,71.22014
78.72762,63.84753,72.81659
78.47046,63.47509,72.38309
78.11336,63.790268,71.605225
78.26899,63.59773,71.63184
78.10795,63.56576,71.67471
78.24704,63.92824,72.04356
78.05321,63.78735,71.67377
77.96735,64.20225,71.18989
78.17388,63.942825,71.74471
78.45732,63.78978,71.90673
78.53417,63.659004,72.48391
78.30316,63.784576,71.67583
78.368355,64.07074,70.69247
78.682175,63.371754,72.0105
78.31144,63.87099,71.32534
77.93131,63.875843,71.160774
78.52897,63.516808,71.81222
78.713234,63.83091,72.05494
78.20241,64.161,71.31536
78.24294,64.17732,70.49826
78.39265,63.98651,71.77201
78.1428,64.20186,70.77568
78.55087,63.814857,71.88138
78.537674,63.728096,71.94965
78.588295,63.739346,71.911766
78.091095,63.920406,70.99513
78.17835,63.673435,71.20965
78.073746,63.82469,71.91631
78.25848,63.615044,72.16844
78.61268,63.84973,71.766045
78.372826,63.396954,71.89367
78.48409,63.603786,72.50295
76.9721,64.062386,72.523346
78.098595,63.746452,72.173965
78.76929,63.476044,72.409225
78.17663,63.669544,71.301445
78.02969,63.757362,71.90526
78.211235,63.84936,71.753654
78.245865,63.571213,72.11736
78.702225,63.881912,71.63354
78.35043,63.93239,71.30606
79.213715,63.706184,71.781265
78.50632,63.959057,71.47032
78.50041,64.04435,71.24264
79.025185,63.29528,71.93015
78.659966,63.81669,72.212494
78.43729,63.730713,72.19106
78.62606,63.6228,72.01817
78.66261,63.596634,71.97713
78.27597,64.0232,71.53793
78.41495,63.662144,72.221436
78.249916,63.573643,71.72217
78.13361,63.81206,71.48739
78.71524,63.564503,72.082726
78.42744,64.37574,70.955536
78.197205,64.27163,71.185135
78.17809,64.243774,71.09539
78.311806,64.186195,71.125404
78.24621,64.03345,70.61948
77.94484,63.653133,71.58018
78.103294,64.097,71.18822
78.130615,63.95936,70.93789
78.90812,63.586205,72.06293
78.49762,63.97862,71.20492
79.1431,63.747395,71.95718
78.40752,64.316284,71.82331
78.357056,64.373215,70.59902
78.48201,63.86916,71.253654
78.285126,64.165726,71.388535
78.19954,64.73112,70.40253
78.375534,63.88842,70.66074
80.75684,63.40362,70.731575
81.699425,63.082012,70.24741
80.3659,63.635197,70.95798
80.06708,65.612755,71.21696
80.2675,65.50437,71.4425
79.97721,65.2597,71.36996
80.172104,65.71338,71.56525
80.09561,65.897285,71.35185
80.28897,65.559364,71.33656
80.41817,65.64315,71.25387
80.27373,65.831215,71.39704
80.02405,65.1818,71.694405
80.02226,65.42578,71.28537
80.01753,65.63252,71.21061
80.20584,65.55725,71.254845
78.48386,63.850216,71.236015
78.44643,64.00376,71.51738
78.40399,64.07964,71.04393
78.4397,64.14094,70.75174
78.458336,64.11002,71.6053
78.705086,63.745766,72.01691
78.30002,63.862366,71.15013
78.49483,63.75999,72.76296
78.13322,63.613995,72.13696
78.46064,63.77855,71.98967
78.655464,64.0255,72.12622
77.90917,64.04458,71.27596
78.250885,63.65176,71.49999
78.18957,64.05129,71.986404
78.254875,63.788315,71.695595
78.08572,63.773132,72.69984
78.378494,63.681976,72.517105
78.28196,64.114235,71.9791
78.85532,63.447918,72.47412
78.019775,63.89854,71.57141
77.75683,64.06506,71.02206
78.47198,63.56528,71.141174
78.50916,63.721817,72.2059
78.20522,63.73238,71.52598
78.02608,63.692837,73.319626
79.00092,63.59579,72.18405
78.2797,63.718044,72.14566
78.36867,63.50865,71.87276
78.26059,63.65907,71.45699
78.00057,63.700348,72.048676
78.85908,63.444534,72.228836
78.353645,63.768696,72.12667
78.358795,63.485325,72.40736
78.11774,64.05854,71.58443
78.144104,63.933594,72.12248
78.24311,63.4003,71.85396
78.276085,63.480007,72.27884
78.12345,63.94893,71.01683
78.15477,63.818436,71.6683
78.25823,63.928528,72.086235
78.47716,63.440193,72.37559
78.09676,63.65983,71.48355
78.74181,63.78039,72.27137
77.65708,64.242485,70.923325
78.19951,64.01632,71.487045
78.311646,63.652637,71.85069
78.78418,63.77115,71.719086
76.51604,66.70279,72.1662
78.11015,64.16015,71.344925
78.39893,64.3318,71.46796
77.89097,64.49168,71.451805
78.61934,64.116646,72.156395
78.80426,64.12536,72.22537
78.63404,64.32873,71.88736
79.07766,63.508907,72.00754
78.24847,64.502144,71.2664
78.50997,64.324005,71.42059
78.49352,64.35153,72.11164
78.04423,64.2001,71.27812
78.2938,64.52212,71.28643
78.44544,63.613956,72.02978
78.35813,64.05321,71.66512
77.98891,63.782433,70.80827
79.03544,63.84964,72.29009
78.14124,64.25679,71.710526
78.4437,64.24276,71.8408
78.55323,63.629868,71.88867
78.37425,64.296616,70.74407
78.4703,63.646824,72.3726
78.23026,64.12305,71.49241
77.89043,64.257996,71.37278
78.10945,63.73426,71.56992
78.41196,63.773727,71.34572
78.59201,63.947212,71.60472
77.91872,64.11309,71.33481
78.0586,64.39803,71.34577
78.37002,64.62675,71.201866
78.29834,63.62947,71.83469
77.68424,63.958557,71.53111
78.70889,63.644825,71.514824
78.59155,63.913914,71.65102
78.289276,63.90041,70.87592
78.14928,64.25023,71.062386
78.08234,64.192055,71.033394
78.02474,64.31739,71.010826
78.35016,63.729786,71.908424
77.96674,63.862225,71.63711
78.252335,63.902645,71.557335
78.496826,64.27041,71.406456
78.41859,63.86829,71.43932
78.17328,63.926,71.783165
78.27673,64.38566,71.31027
78.39644,63.974953,71.52985
78.50438,63.704506,72.02221
78.800575,64.36534,71.94311
78.285645,63.956116,71.17372
78.2231,64.056915,71.69475
78.43657,63.699245,71.8413
78.17438,64.24475,70.86901
78.61802,64.035545,71.58436
77.878395,63.742992,71.60884
78.45818,64.39792,71.307755
78.40987,63.52634,71.42305
78.30171,63.724518,71.341805
78.09169,64.203476,71.07824
78.3709,64.33956,71.20237
78.44992,64.21971,71.46359
78.042,63.900494,71.43037
78.683365,63.981842,71.72432
78.33727,63.715153,72.40102
78.23049,64.230255,71.34518
78.13295,64.44138,71.10781
77.9889,64.05196,71.212265
77.80136,64.16522,70.66166
78.57193,64.299034,71.432304
78.357956,64.22341,71.70473
78.41515,63.664997,71.65728
78.3622,64.104866,71.18602
78.03008,63.96257,71.23573
78.35267,64.07324,70.962524
78.21746,64.13891,71.48069
78.4138,64.2126,71.23266
83.515175,66.93216,77.64478
78.800156,64.07767,71.649155
78.11581,64.683464,71.015396
78.43584,64.33641,71.07639
78.14655,64.15748,71.03098
78.293686,64.4389,71.0987
78.16681,64.442856,71.237206
78.16223,64.05881,71.367615
78.09964,64.21928,70.926056
78.2589,64.139565,71.13383
77.89267,64.254745,70.423134
78.525795,64.14375,71.20754
78.31356,64.21398,71.20307
77.79131,64.285255,71.277885
78.4429,63.574703,71.8162
78.110985,63.970615,72.1494
78.1423,63.951527,71.142105
78.675575,63.976376,70.167694
78.192314,63.758137,71.61494
77.999855,64.14214,71.74501
78.181526,63.522766,71.89194
78.315544,63.7391,71.50731
78.21494,64.16345,70.678024
78.26409,63.800346,71.847755
77.60347,64.580894,71.38405
78.31627,64.34253,71.537834
78.57038,64.24437,71.970406
78.21473,63.913242,71.3389
78.23626,64.24742,71.5479
78.88264,64.24005,72.051544
78.49935,64.14635,71.73463
78.64965,63.98342,71.86891
78.58379,64.50848,71.70404
78.61462,63.676773,72.46036
77.71319,63.75594,71.22798
78.21783,64.14207,70.96865
78.190506,64.37109,71.187004
78.09776,64.09387,71.61278
78.10485,64.21055,71.34615
78.21853,64.44828,70.961395
78.12228,64.248116,71.75647
78.454865,63.86648,72.03196
78.8527,63.553967,72.563995
78.17565,63.98194,71.9446
78.48761,64.05119,71.674614
78.70745,64.2813,71.67189
79.06352,63.809464,71.93524
80.06337,65.900986,71.49889
80.48448,65.74638,71.168594
80.21399,65.651726,71.60903
80.51616,65.767395,71.310555
80.22041,65.93965,70.877625
80.33122,66.192345,70.76562
80.14605,65.221855,71.281815
80.47725,65.81699,70.93375
80.26644,65.97661,71.64949
80.72892,66.290924,72.15582
80.25666,66.03289,71.22482
80.168526,65.98103,71.90869
80.400276,65.98123,71.26269
80.42245,66.35491,71.43183
80.027016,65.90801,71.39541
80.35844,66.05766,71.61709
80.459526,65.68047,71.25773
79.9283,65.810326,71.20793
79.77646,65.94507,71.56079
80.11065,65.78173,71.01263
80.09967,65.98588,71.31705
80.335724,65.73735,71.34611
80.2797,65.75505,71.12599
78.136055,64.16978,71.23006
78.485664,63.724457,71.95668
78.379776,64.16934,71.0535
77.86511,63.955467,71.40293
78.10913,64.0768,71.044266
78.40032,63.756058,71.55847
78.3423,63.9708,71.21446
78.247314,64.29621,71.12225
77.90409,64.09232,70.98975
78.06747,63.71946,70.78176
78.30881,64.009705,71.0224
78.12881,64.28567,71.046425
78.4525,63.793163,72.03252
78.35439,63.468674,71.334625
78.31066,63.991554,71.50341
78.334366,63.775467,71.66195
79.04336,63.26312,71.82276
78.623795,63.36078,71.8536
77.94927,63.90258,71.80275
78.01979,64.09175,71.442764
78.91809,63.364216,71.99122
78.4483,64.14696,71.48833
78.11985,64.44379,71.287766
78.070786,64.28675,71.606476
78.55649,63.951374,71.578835
78.423225,63.86533,72.16217
78.60821,63.859623,71.42339
78.14844,64.24542,71.20599
78.4259,63.71134,71.99745
78.556404,63.592834,71.914
78.71543,63.79826,72.11851
78.44816,64.37555,71.70333
78.289474,63.984406,71.30093
77.87867,64.36355,71.30651
78.38103,64.42208,71.30871
78.12161,64.47521,71.46091
78.048645,64.4535,71.181145
77.95603,64.39871,71.648476
78.28856,64.31193,71.5442
78.25431,64.29764,71.47649
78.70616,64.03527,71.87881
78.25158,64.44842,71.396736
78.63122,63.9231,71.242615
78.52653,64.23929,71.19041
78.44597,63.911816,71.44524
78.65447,64.08686,71.30816
78.38096,64.142,71.17477
78.26165,63.693825,71.451866
78.48584,64.265976,71.41306
78.24075,64.14376,71.324715
78.23159,64.43946,70.88811
